0 30
1 29
2 26
3 22
4 20
5 19
6 19
7 19
8 18
9 18
10 18
11 18
12 18
13 17
14 17
15 16
16 15
17 15
18 15
19 15
20 15
21 14
22 14
23 14
24 14
25 14
26 13
27 13
28 13
29 13
30 13
31 13
32 13
33 13
34 13
35 12
36 12
37 12
38 12
39 12
40 12
41 12
42 12
43 12
44 11
45 11
46 11
47 11
48 11
49 11
50 11
51 11
52 11
53 11
54 11
55 11
56 11
57 11
58 10
59 10
60 10
61 10
62 10
63 10
64 10
65 10
66 10
67 10
68 10
69 10
70 10
71 9
72 9
73 9
74 9
75 9
76 9
77 9
78 9
79 9
80 9
81 8
82 8
83 8
84 8
85 8
86 8
87 8
88 7
89 7
90 7
91 7
92 7
93 7
94 7
95 7
96 7
97 6
98 6
99 6
100 6
101 5
102 5
103 5
104 5
105 5
106 5
107 5
108 4
109 4
110 4
111 4
112 4
113 4
114 3
115 3
116 3
117 3
118 3
119 3
120 3
121 3
122 3
123 3
124 3
125 3
126 3
127 3
128 3
129 2
130 2
131 2
132 2
133 2
134 2
135 2
136 2
137 2
138 2
139 2
140 2
141 2
142 2
143 2
144 2
145 2
146 2
147 2
148 2
149 2
150 2
151 2
152 2
153 2
154 2
155 2
156 2
157 2
158 2
159 2
