0 2.5
1 2.5
2 3.0
3 6.0
4 2.75
5 3.5
6 3.25
7 2.6666666666666665
8 2.0
9 1.0
10 4.8
11 2.1666666666666665
12 4.0
13 1.25
14 4.166666666666667
15 2.857142857142857
16 1.8333333333333333
17 4.142857142857143
18 3.0
19 3.4
20 3.3333333333333335
21 1.8333333333333333
22 3.0
23 4.285714285714286
24 3.5714285714285716
25 2.857142857142857
26 4.0
27 6.142857142857143
28 4.142857142857143
29 5.0
30 2.3333333333333335
31 7.285714285714286
32 5.857142857142857
33 4.142857142857143
34 5.0
35 6.142857142857143
36 4.333333333333333
37 3.8333333333333335
38 5.0
39 7.428571428571429
40 4.6
41 8.166666666666666
42 4.571428571428571
43 5.4
44 6.571428571428571
45 7.0
46 6.428571428571429
47 6.857142857142857
48 5.571428571428571
49 4.0
50 1.6
51 5.142857142857143
52 6.0
53 6.0
54 8.0
55 5.666666666666667
56 5.428571428571429
57 8.166666666666666
58 6.25
59 7.285714285714286
60 4.571428571428571
61 9.142857142857142
62 3.0
63 8.4
64 4.571428571428571
65 4.142857142857143
66 5.714285714285714
67 7.142857142857143
68 8.571428571428571
69 4.428571428571429
70 4.166666666666667
71 4.2
72 2.4285714285714284
73 4.333333333333333
74 5.285714285714286
75 3.857142857142857
76 4.166666666666667
77 3.0
78 3.5
79 2.857142857142857
80 6.428571428571429
81 5.285714285714286
82 6.428571428571429
83 6.142857142857143
84 5.333333333333333
85 4.6
86 3.6666666666666665
87 5.2
88 7.333333333333333
89 6.571428571428571
90 6.666666666666667
91 3.4
92 2.5
93 4.285714285714286
94 5.714285714285714
95 3.857142857142857
96 4.8
97 5.285714285714286
98 5.142857142857143
99 2.3333333333333335
100 6.0
101 4.714285714285714
102 5.0
103 4.714285714285714
104 4.714285714285714
105 4.0
106 2.8
107 2.6666666666666665
108 7.857142857142857
109 6.142857142857143
110 5.0
111 6.333333333333333
112 4.833333333333333
113 6.166666666666667
114 8.166666666666666
115 6.571428571428571
116 7.0
117 6.285714285714286
118 4.333333333333333
119 7.142857142857143
120 2.5714285714285716
121 5.714285714285714
122 6.285714285714286
123 5.2
124 5.285714285714286
125 5.833333333333333
126 5.428571428571429
127 6.0
128 5.571428571428571
129 7.571428571428571
130 4.285714285714286
131 6.428571428571429
132 4.571428571428571
133 5.142857142857143
134 3.3333333333333335
135 5.428571428571429
136 5.666666666666667
137 6.5
138 5.142857142857143
139 5.857142857142857
140 5.857142857142857
141 4.0
142 6.142857142857143
143 6.714285714285714
144 5.166666666666667
145 4.333333333333333
146 4.714285714285714
147 5.833333333333333
148 2.8333333333333335
149 7.0
150 8.333333333333334
151 5.0
152 5.857142857142857
153 8.0
154 5.285714285714286
155 3.75
156 5.0
157 6.428571428571429
158 5.714285714285714
159 8.857142857142858
160 4.5
161 6.5
162 4.857142857142857
163 7.714285714285714
164 6.857142857142857
165 7.0
166 9.285714285714286
167 9.428571428571429
168 8.6
169 2.8333333333333335
170 9.285714285714286
171 8.285714285714286
172 9.0
173 7.0
174 10.833333333333334
175 3.5
176 4.857142857142857
177 7.714285714285714
178 4.428571428571429
179 5.8
180 5.4
181 10.0
182 6.0
183 4.0
184 5.428571428571429
185 4.166666666666667
186 6.0
187 7.285714285714286
188 4.714285714285714
189 3.5
190 4.0
191 5.571428571428571
192 4.857142857142857
193 6.857142857142857
194 4.285714285714286
195 5.0
196 3.3333333333333335
197 3.5
198 4.714285714285714
199 5.5
200 3.4285714285714284
201 5.0
202 4.285714285714286
203 2.3333333333333335
204 1.3333333333333333
205 4.0
206 3.3333333333333335
207 5.333333333333333
208 6.6
209 3.5714285714285716
210 3.7142857142857144
211 2.8
212 3.8333333333333335
213 4.25
214 1.3333333333333333
215 3.4
216 3.142857142857143
217 2.0
218 2.0
219 2.8
220 2.5
221 3.857142857142857
222 4.0
223 3.6
224 3.0
225 3.4
226 3.0
227 3.8
228 1.6666666666666667
229 1.6666666666666667
230 2.142857142857143
231 2.8
232 2.0
233 1.1666666666666667
234 3.857142857142857
235 1.8
236 3.3333333333333335
237 4.5
238 4.2
239 1.5
240 1.4
241 2.5
242 2.5714285714285716
243 2.0
244 2.7142857142857144
245 3.0
246 3.0
247 2.6666666666666665
248 5.5
249 2.25
250 3.0
251 3.857142857142857
252 2.0
253 1.8
254 3.6666666666666665
255 3.2857142857142856
256 4.0
257 3.857142857142857
258 5.2
259 3.7142857142857144
260 1.4
261 2.0
262 3.8333333333333335
263 2.2
264 3.8333333333333335
265 1.8571428571428572
266 2.75
267 1.25
268 4.714285714285714
269 4.666666666666667
270 3.8333333333333335
271 4.714285714285714
272 3.2857142857142856
273 5.5
274 2.0
275 3.5
276 3.142857142857143
277 4.571428571428571
278 2.4
279 4.333333333333333
280 4.0
281 3.0
282 4.714285714285714
283 5.5
284 7.25
285 4.4
286 7.714285714285714
287 4.166666666666667
288 4.6
289 5.285714285714286
290 3.8333333333333335
291 3.857142857142857
292 4.571428571428571
293 4.0
294 3.6666666666666665
295 2.8
296 6.6
297 4.428571428571429
298 3.6666666666666665
299 3.3333333333333335
300 4.4
301 2.0
302 2.1666666666666665
303 3.5
304 4.714285714285714
305 4.0
306 3.6666666666666665
307 3.0
308 3.2
309 1.8
310 5.833333333333333
311 6.714285714285714
312 4.666666666666667
313 3.8333333333333335
314 7.333333333333333
315 4.833333333333333
316 2.2
317 5.166666666666667
318 7.0
319 6.428571428571429
320 5.333333333333333
321 7.166666666666667
322 4.75
323 4.666666666666667
324 8.285714285714286
325 10.333333333333334
326 8.428571428571429
327 4.5
328 5.285714285714286
329 3.6666666666666665
330 2.6
331 6.428571428571429
332 5.714285714285714
333 8.285714285714286
334 5.5
335 6.285714285714286
336 4.666666666666667
337 1.3333333333333333
338 7.142857142857143
339 5.142857142857143
340 8.5
341 7.666666666666667
342 7.25
343 6.2
344 5.4
345 10.166666666666666
346 11.142857142857142
347 7.285714285714286
348 4.857142857142857
349 4.428571428571429
350 4.333333333333333
351 5.5
352 5.714285714285714
353 5.0
354 2.8333333333333335
355 5.142857142857143
356 4.25
357 5.285714285714286
358 2.75
359 5.428571428571429
360 6.166666666666667
361 3.6666666666666665
362 6.428571428571429
363 8.714285714285714
364 4.166666666666667
365 3.3333333333333335
366 7.571428571428571
367 4.142857142857143
368 4.285714285714286
369 3.142857142857143
370 5.857142857142857
371 4.0
372 2.5714285714285716
373 5.714285714285714
374 9.2
375 8.25
376 8.5
377 5.857142857142857
378 8.4
379 2.4
380 4.333333333333333
381 5.714285714285714
382 4.428571428571429
383 5.333333333333333
384 2.0
385 2.4
386 1.5
387 5.428571428571429
388 5.166666666666667
389 3.0
390 2.5714285714285716
391 3.5714285714285716
392 3.2
393 1.6666666666666667
394 4.285714285714286
395 4.285714285714286
396 2.5714285714285716
397 3.8333333333333335
398 4.8
399 2.0
400 3.0
401 5.0
402 5.0
403 4.0
404 5.285714285714286
405 4.857142857142857
406 4.0
407 2.0
408 2.8333333333333335
409 3.0
410 5.666666666666667
411 4.142857142857143
412 3.5
413 3.0
414 2.5
415 8.285714285714286
416 4.714285714285714
417 7.571428571428571
418 7.142857142857143
419 6.142857142857143
420 2.6
421 3.6
422 11.428571428571429
423 8.8
424 7.714285714285714
425 5.833333333333333
426 5.714285714285714
427 2.7142857142857144
428 1.75
429 6.571428571428571
430 4.166666666666667
431 6.6
432 5.857142857142857
433 6.5
434 5.142857142857143
435 6.5
436 5.4
437 4.428571428571429
438 4.285714285714286
439 4.285714285714286
440 4.142857142857143
441 2.0
442 2.5714285714285716
443 4.571428571428571
444 7.428571428571429
445 2.8
446 5.428571428571429
447 2.857142857142857
448 2.4
449 3.0
450 5.5
451 6.666666666666667
452 6.142857142857143
453 5.142857142857143
454 5.285714285714286
455 5.714285714285714
456 2.857142857142857
457 5.333333333333333
458 4.571428571428571
459 7.0
460 7.571428571428571
461 7.285714285714286
462 2.5
463 2.5714285714285716
464 4.857142857142857
465 6.5
466 4.2
467 2.6
468 5.0
469 3.25
470 3.2
471 3.2857142857142856
472 6.0
473 5.857142857142857
474 5.857142857142857
475 3.7142857142857144
476 5.714285714285714
477 2.0
478 5.0
479 4.571428571428571
480 4.333333333333333
481 5.2
482 4.0
483 4.666666666666667
484 1.3333333333333333
485 7.142857142857143
486 7.5
487 5.8
488 5.833333333333333
489 5.571428571428571
490 3.3333333333333335
491 2.5
492 8.5
493 5.0
494 9.0
495 3.7142857142857144
496 4.166666666666667
497 4.666666666666667
498 2.4285714285714284
499 4.857142857142857
500 5.285714285714286
501 4.571428571428571
502 5.833333333333333
503 6.166666666666667
504 3.3333333333333335
505 3.0
506 5.666666666666667
507 6.285714285714286
508 5.5
509 6.857142857142857
510 6.833333333333333
511 6.5
512 2.1666666666666665
513 7.666666666666667
514 6.166666666666667
515 4.285714285714286
516 4.714285714285714
517 5.428571428571429
518 6.4
519 1.3333333333333333
520 7.0
521 5.571428571428571
522 5.142857142857143
523 7.333333333333333
524 8.0
525 5.75
526 3.2857142857142856
527 10.285714285714286
528 8.571428571428571
529 8.571428571428571
530 7.833333333333333
531 9.571428571428571
532 5.0
533 4.8
534 8.285714285714286
535 8.285714285714286
536 6.5
537 9.571428571428571
538 8.714285714285714
539 4.75
540 4.25
541 8.428571428571429
542 7.142857142857143
543 7.333333333333333
544 6.0
545 8.0
546 2.4
547 5.5
548 4.285714285714286
549 5.5
550 5.166666666666667
551 5.285714285714286
552 6.0
553 3.3333333333333335
554 2.7142857142857144
555 6.714285714285714
556 4.0
557 2.7142857142857144
558 3.8
559 5.666666666666667
560 4.0
561 2.0
562 8.142857142857142
563 2.5
564 2.7142857142857144
565 4.0
566 4.0
567 3.6
568 2.6666666666666665
569 3.6666666666666665
570 5.0
571 2.5
572 3.5
573 4.285714285714286
574 2.6666666666666665
575 2.0
576 7.6
577 2.8
578 4.285714285714286
579 4.142857142857143
580 3.5714285714285716
581 3.4
582 1.5
583 5.714285714285714
584 5.833333333333333
585 6.0
586 5.285714285714286
587 5.857142857142857
588 1.8571428571428572
589 2.857142857142857
590 4.714285714285714
591 6.428571428571429
592 6.142857142857143
593 5.857142857142857
594 4.714285714285714
595 3.7142857142857144
596 3.3333333333333335
597 8.428571428571429
598 7.333333333333333
599 6.285714285714286
600 6.0
601 7.571428571428571
602 7.0
603 1.6
604 11.142857142857142
605 9.571428571428571
606 5.428571428571429
607 5.285714285714286
608 5.714285714285714
609 3.6666666666666665
610 4.0
611 9.166666666666666
612 5.714285714285714
613 6.4
614 8.0
615 8.0
616 6.0
617 3.4285714285714284
618 9.0
619 7.428571428571429
620 6.714285714285714
621 6.142857142857143
622 5.142857142857143
623 5.428571428571429
624 3.8333333333333335
625 6.142857142857143
626 5.428571428571429
627 5.0
628 5.285714285714286
629 7.833333333333333
630 2.6
631 3.5
632 6.142857142857143
633 7.0
634 5.5
635 6.833333333333333
636 6.857142857142857
637 2.7142857142857144
638 4.285714285714286
639 7.571428571428571
640 7.571428571428571
641 9.5
642 6.0
643 5.285714285714286
644 6.2
645 6.0
646 7.857142857142857
647 4.142857142857143
648 5.285714285714286
649 6.857142857142857
650 5.0
651 3.6666666666666665
652 3.857142857142857
653 4.666666666666667
654 4.0
655 3.0
656 5.142857142857143
657 4.0
658 4.2
659 2.1666666666666665
660 6.5
661 6.0
662 4.428571428571429
663 4.571428571428571
664 4.333333333333333
665 4.25
666 4.333333333333333
667 5.166666666666667
668 5.857142857142857
669 2.7142857142857144
670 4.0
671 4.285714285714286
672 4.166666666666667
673 3.3333333333333335
674 6.428571428571429
675 6.142857142857143
676 3.6
677 5.714285714285714
678 4.4
679 4.5
680 3.142857142857143
681 6.0
682 6.571428571428571
683 5.142857142857143
684 6.857142857142857
685 6.571428571428571
686 3.3333333333333335
687 2.7142857142857144
688 6.142857142857143
689 3.4285714285714284
690 5.857142857142857
691 5.571428571428571
692 5.142857142857143
693 2.6666666666666665
694 3.3333333333333335
695 7.2
696 7.285714285714286
697 4.166666666666667
698 6.0
699 5.571428571428571
700 5.666666666666667
701 4.857142857142857
702 6.857142857142857
703 6.0
704 6.428571428571429
705 6.166666666666667
706 5.714285714285714
707 2.5
708 3.6666666666666665
709 6.833333333333333
710 8.5
711 6.571428571428571
712 8.142857142857142
713 3.5
714 2.4285714285714284
715 2.3333333333333335
716 3.6
717 3.142857142857143
718 3.5714285714285716
719 4.25
720 2.4285714285714284
721 1.25
722 2.6666666666666665
723 3.3333333333333335
724 4.714285714285714
725 4.142857142857143
726 3.4285714285714284
727 3.0
728 2.75
729 2.6
730 3.5
731 3.142857142857143
732 4.142857142857143
733 4.2
734 6.4
735 3.0
736 5.333333333333333
737 4.428571428571429
738 4.0
739 2.6666666666666665
740 4.571428571428571
741 5.0
742 1.6
743 2.0
744 5.571428571428571
745 5.0
746 5.0
747 5.428571428571429
748 4.714285714285714
749 2.2857142857142856
750 4.5
751 6.571428571428571
752 5.4
753 5.142857142857143
754 5.857142857142857
755 6.285714285714286
756 3.3333333333333335
757 4.166666666666667
758 2.6666666666666665
759 7.714285714285714
760 5.571428571428571
761 4.571428571428571
762 6.0
763 3.0
764 5.666666666666667
765 5.428571428571429
766 4.0
767 5.428571428571429
768 6.0
769 6.571428571428571
770 2.0
771 4.4
772 5.714285714285714
773 7.571428571428571
774 6.428571428571429
775 5.833333333333333
776 8.0
777 3.142857142857143
778 5.833333333333333
779 4.666666666666667
780 4.0
781 5.428571428571429
782 3.4
783 3.7142857142857144
784 2.7142857142857144
785 6.857142857142857
786 5.571428571428571
787 7.25
788 4.666666666666667
789 7.428571428571429
790 5.4
791 4.333333333333333
792 5.714285714285714
793 5.571428571428571
794 5.5
795 7.333333333333333
796 5.142857142857143
797 6.166666666666667
798 6.0
799 5.142857142857143
800 7.666666666666667
801 6.5
802 8.285714285714286
803 7.285714285714286
804 4.571428571428571
805 4.8
806 7.571428571428571
807 3.7142857142857144
808 4.571428571428571
809 4.571428571428571
810 3.6666666666666665
811 4.285714285714286
812 3.0
813 2.8333333333333335
814 6.142857142857143
815 5.666666666666667
816 4.833333333333333
817 5.75
818 3.0
819 3.6
820 3.857142857142857
821 3.857142857142857
822 4.333333333333333
823 2.4
824 5.142857142857143
825 6.142857142857143
826 2.6666666666666665
827 8.666666666666666
828 7.142857142857143
829 5.571428571428571
830 4.833333333333333
831 4.571428571428571
832 8.4
833 5.0
834 5.4
835 8.571428571428571
836 5.714285714285714
837 11.333333333333334
838 7.0
839 5.6
840 5.25
841 6.857142857142857
842 8.166666666666666
843 6.428571428571429
844 6.285714285714286
845 8.0
846 6.8
847 5.666666666666667
848 4.857142857142857
849 4.666666666666667
850 3.4285714285714284
851 6.571428571428571
852 3.5
853 3.0
854 5.666666666666667
855 4.666666666666667
856 2.2
857 4.2
858 2.7142857142857144
859 2.0
860 2.75
861 1.6
862 3.2857142857142856
863 3.2
864 5.0
865 3.4
866 3.8333333333333335
867 2.7142857142857144
868 2.5
869 4.0
870 3.5714285714285716
871 3.857142857142857
872 1.6
873 4.0
874 4.285714285714286
875 2.2
876 4.666666666666667
877 3.2
878 5.714285714285714
879 3.7142857142857144
880 5.0
881 2.4285714285714284
882 2.0
883 3.5
884 5.0
885 2.6666666666666665
886 4.857142857142857
887 4.428571428571429
888 3.0
889 2.7142857142857144
890 6.166666666666667
891 7.666666666666667
892 6.6
893 7.5
894 6.857142857142857
895 4.714285714285714
896 4.714285714285714
897 7.285714285714286
898 7.142857142857143
899 8.714285714285714
900 6.571428571428571
901 6.714285714285714
902 4.571428571428571
903 5.6
904 4.857142857142857
905 6.714285714285714
906 7.833333333333333
907 7.0
908 6.571428571428571
909 4.666666666666667
910 4.6
911 4.285714285714286
912 8.428571428571429
913 8.0
914 10.2
915 11.0
916 10.5
917 4.833333333333333
918 11.25
919 6.8
920 6.0
921 3.0
922 6.333333333333333
923 9.5
924 3.6
925 1.5
926 2.0
927 2.5
928 1.3333333333333333
929 2.8
930 2.25
931 2.0
932 2.0
933 2.5
934 3.25
935 1.0
936 1.5
937 1.5
938 2.25
939 1.3333333333333333
940 1.5
941 2.0
942 2.0
943 0
