0 2
1 2
2 2
3 2
4 4
5 4
6 4
7 3
8 2
9 2
10 5
11 6
12 6
13 4
14 6
15 7
16 6
17 7
18 3
19 5
20 6
21 6
22 4
23 7
24 7
25 7
26 7
27 7
28 7
29 6
30 6
31 7
32 7
33 7
34 6
35 7
36 6
37 6
38 7
39 7
40 5
41 6
42 7
43 5
44 7
45 7
46 7
47 7
48 7
49 7
50 5
51 7
52 7
53 7
54 7
55 6
56 7
57 6
58 4
59 7
60 7
61 7
62 6
63 5
64 7
65 7
66 7
67 7
68 7
69 7
70 6
71 5
72 7
73 6
74 7
75 7
76 6
77 6
78 4
79 7
80 7
81 7
82 7
83 7
84 6
85 5
86 6
87 5
88 6
89 7
90 6
91 5
92 4
93 7
94 7
95 7
96 5
97 7
98 7
99 6
100 5
101 7
102 7
103 7
104 7
105 7
106 5
107 6
108 7
109 7
110 6
111 6
112 6
113 6
114 6
115 7
116 7
117 7
118 6
119 7
120 7
121 7
122 7
123 5
124 7
125 6
126 7
127 3
128 7
129 7
130 7
131 7
132 7
133 7
134 3
135 7
136 6
137 4
138 7
139 7
140 7
141 5
142 7
143 7
144 6
145 6
146 7
147 6
148 6
149 6
150 6
151 7
152 7
153 7
154 7
155 4
156 6
157 7
158 7
159 7
160 6
161 6
162 7
163 7
164 7
165 6
166 7
167 7
168 5
169 6
170 7
171 7
172 5
173 7
174 6
175 6
176 7
177 7
178 7
179 5
180 5
181 7
182 6
183 5
184 7
185 6
186 7
187 7
188 7
189 6
190 7
191 7
192 7
193 7
194 7
195 7
196 6
197 4
198 7
199 4
200 7
201 7
202 7
203 6
204 3
205 7
206 6
207 6
208 5
209 7
210 7
211 5
212 6
213 4
214 3
215 5
216 7
217 7
218 4
219 5
220 4
221 7
222 5
223 5
224 4
225 5
226 6
227 5
228 6
229 6
230 7
231 5
232 5
233 6
234 7
235 5
236 6
237 6
238 5
239 4
240 5
241 6
242 7
243 4
244 7
245 4
246 2
247 6
248 4
249 4
250 4
251 7
252 6
253 5
254 6
255 7
256 6
257 7
258 5
259 7
260 5
261 6
262 6
263 5
264 6
265 7
266 4
267 4
268 7
269 3
270 6
271 7
272 7
273 6
274 6
275 6
276 7
277 7
278 5
279 6
280 6
281 5
282 7
283 6
284 4
285 5
286 7
287 6
288 5
289 7
290 6
291 7
292 7
293 5
294 6
295 5
296 5
297 7
298 6
299 6
300 5
301 4
302 6
303 6
304 7
305 7
306 6
307 6
308 5
309 5
310 6
311 7
312 6
313 6
314 6
315 6
316 5
317 6
318 6
319 7
320 6
321 6
322 4
323 6
324 7
325 3
326 7
327 6
328 7
329 6
330 5
331 7
332 7
333 7
334 6
335 7
336 6
337 6
338 7
339 7
340 6
341 6
342 4
343 5
344 5
345 6
346 7
347 7
348 7
349 7
350 6
351 2
352 7
353 7
354 6
355 7
356 4
357 7
358 4
359 7
360 6
361 6
362 7
363 7
364 6
365 3
366 7
367 7
368 7
369 7
370 7
371 7
372 7
373 7
374 5
375 4
376 4
377 7
378 5
379 5
380 6
381 7
382 7
383 6
384 5
385 5
386 4
387 7
388 6
389 7
390 7
391 7
392 5
393 6
394 7
395 7
396 7
397 6
398 5
399 6
400 4
401 6
402 7
403 6
404 7
405 7
406 5
407 3
408 6
409 4
410 6
411 7
412 6
413 7
414 4
415 7
416 7
417 7
418 7
419 7
420 5
421 5
422 7
423 5
424 7
425 6
426 7
427 7
428 4
429 7
430 6
431 5
432 7
433 6
434 7
435 2
436 5
437 7
438 7
439 7
440 7
441 3
442 7
443 7
444 7
445 5
446 7
447 7
448 5
449 3
450 6
451 6
452 7
453 7
454 7
455 7
456 7
457 6
458 7
459 6
460 7
461 7
462 4
463 7
464 7
465 6
466 5
467 5
468 5
469 4
470 5
471 7
472 6
473 7
474 7
475 7
476 7
477 3
478 6
479 7
480 6
481 5
482 7
483 6
484 3
485 7
486 6
487 5
488 6
489 7
490 6
491 4
492 6
493 7
494 5
495 7
496 6
497 6
498 7
499 7
500 7
501 7
502 6
503 6
504 6
505 6
506 6
507 7
508 6
509 7
510 6
511 6
512 6
513 6
514 6
515 7
516 7
517 7
518 5
519 3
520 7
521 7
522 7
523 6
524 7
525 4
526 7
527 7
528 7
529 7
530 6
531 7
532 7
533 5
534 7
535 7
536 6
537 7
538 7
539 4
540 4
541 7
542 7
543 6
544 6
545 7
546 5
547 6
548 7
549 6
550 6
551 7
552 5
553 6
554 7
555 7
556 4
557 7
558 5
559 6
560 6
561 3
562 7
563 6
564 7
565 7
566 5
567 5
568 6
569 6
570 3
571 4
572 6
573 7
574 6
575 2
576 5
577 5
578 7
579 7
580 7
581 5
582 4
583 7
584 6
585 7
586 7
587 7
588 7
589 7
590 7
591 7
592 7
593 7
594 7
595 7
596 3
597 7
598 6
599 7
600 7
601 7
602 7
603 5
604 7
605 7
606 7
607 7
608 7
609 6
610 5
611 6
612 7
613 5
614 7
615 6
616 7
617 7
618 6
619 7
620 7
621 7
622 7
623 7
624 6
625 7
626 7
627 7
628 7
629 6
630 5
631 6
632 7
633 7
634 6
635 6
636 7
637 7
638 7
639 7
640 7
641 6
642 7
643 7
644 5
645 7
646 7
647 7
648 7
649 7
650 7
651 6
652 7
653 6
654 6
655 6
656 7
657 4
658 5
659 6
660 6
661 6
662 7
663 7
664 6
665 4
666 6
667 6
668 7
669 7
670 7
671 7
672 6
673 6
674 7
675 7
676 5
677 7
678 5
679 6
680 7
681 7
682 7
683 7
684 7
685 7
686 6
687 7
688 7
689 7
690 7
691 7
692 7
693 6
694 6
695 5
696 7
697 6
698 7
699 7
700 6
701 7
702 7
703 7
704 7
705 6
706 7
707 6
708 6
709 6
710 6
711 7
712 7
713 4
714 7
715 6
716 5
717 7
718 7
719 4
720 7
721 4
722 6
723 6
724 7
725 7
726 7
727 4
728 4
729 5
730 6
731 7
732 7
733 5
734 5
735 6
736 6
737 7
738 7
739 6
740 7
741 7
742 5
743 4
744 7
745 7
746 7
747 7
748 7
749 7
750 6
751 7
752 5
753 7
754 7
755 7
756 6
757 6
758 6
759 7
760 7
761 7
762 6
763 7
764 6
765 7
766 7
767 7
768 7
769 7
770 5
771 5
772 7
773 7
774 7
775 6
776 6
777 7
778 6
779 6
780 5
781 7
782 5
783 7
784 7
785 7
786 7
787 4
788 6
789 7
790 5
791 6
792 7
793 7
794 6
795 6
796 7
797 6
798 6
799 7
800 6
801 6
802 7
803 7
804 7
805 5
806 7
807 7
808 7
809 7
810 3
811 7
812 4
813 6
814 7
815 6
816 6
817 4
818 7
819 5
820 7
821 7
822 6
823 5
824 7
825 7
826 6
827 6
828 7
829 7
830 6
831 7
832 5
833 5
834 5
835 7
836 7
837 6
838 6
839 5
840 4
841 7
842 6
843 7
844 7
845 6
846 5
847 3
848 7
849 6
850 7
851 7
852 6
853 4
854 6
855 6
856 5
857 5
858 7
859 5
860 4
861 5
862 7
863 5
864 5
865 5
866 6
867 7
868 6
869 7
870 7
871 7
872 5
873 5
874 7
875 5
876 6
877 5
878 7
879 7
880 7
881 7
882 6
883 6
884 7
885 6
886 7
887 7
888 6
889 7
890 6
891 6
892 5
893 6
894 7
895 7
896 7
897 7
898 7
899 7
900 7
901 7
902 7
903 5
904 7
905 7
906 6
907 6
908 7
909 6
910 5
911 7
912 7
913 7
914 5
915 4
916 4
917 6
918 4
919 5
920 5
921 5
922 6
923 4
924 5
925 4
926 4
927 6
928 3
929 5
930 4
931 3
932 4
933 4
934 4
935 2
936 2
937 2
938 4
939 3
940 4
941 4
942 4
943 0
