0 5.0
1 1.0
2 3.0
3 3.3333333333333335
4 1.75
5 3.6666666666666665
6 1.6666666666666667
7 1.25
8 4.0
9 1.0
10 2.5
11 1.7777777777777777
12 2.2
13 1.6666666666666667
14 2.6666666666666665
15 2.2
16 1.6
17 2.5
18 2.6666666666666665
19 1.875
20 1.8888888888888888
21 1.625
22 3.3333333333333335
23 1.9090909090909092
24 2.4
25 1.75
26 2.4
27 2.8333333333333335
28 3.5
29 2.125
30 2.125
31 3.4210526315789473
32 3.5833333333333335
33 2.4615384615384617
34 3.1538461538461537
35 2.888888888888889
36 2.4285714285714284
37 2.3333333333333335
38 3.2142857142857144
39 3.25
40 2.4545454545454546
41 3.3333333333333335
42 3.142857142857143
43 4.333333333333333
44 2.357142857142857
45 6.3
46 4.416666666666667
47 3.4
48 2.5384615384615383
49 2.375
50 2.3333333333333335
51 2.5555555555555554
52 2.75
53 3.0
54 3.4444444444444446
55 3.090909090909091
56 2.8
57 2.5555555555555554
58 2.9
59 4.3076923076923075
60 3.0
61 4.615384615384615
62 2.4
63 2.75
64 2.25
65 2.0
66 2.7142857142857144
67 3.3846153846153846
68 5.615384615384615
69 2.6153846153846154
70 1.6666666666666667
71 2.8333333333333335
72 2.0
73 2.888888888888889
74 1.7272727272727273
75 2.8333333333333335
76 1.7
77 1.8571428571428572
78 2.25
79 1.6666666666666667
80 3.6
81 3.1666666666666665
82 3.8125
83 3.4
84 2.6363636363636362
85 3.3333333333333335
86 2.6666666666666665
87 2.6666666666666665
88 3.8
89 4.5
90 3.5
91 1.8571428571428572
92 1.6
93 3.857142857142857
94 4.0
95 2.2
96 3.3
97 2.923076923076923
98 3.0
99 1.2
100 3.25
101 4.4
102 2.9
103 4.0
104 2.5714285714285716
105 2.2857142857142856
106 1.8333333333333333
107 2.5714285714285716
108 5.333333333333333
109 4.3
110 2.533333333333333
111 3.75
112 4.0
113 2.9166666666666665
114 3.9285714285714284
115 4.285714285714286
116 4.133333333333334
117 4.0
118 3.0
119 2.272727272727273
120 2.0
121 3.111111111111111
122 1.8125
123 3.6666666666666665
124 3.2
125 3.3076923076923075
126 2.923076923076923
127 3.5
128 5.25
129 4.222222222222222
130 2.5833333333333335
131 2.4166666666666665
132 2.4
133 2.2222222222222223
134 2.5
135 3.1818181818181817
136 4.166666666666667
137 3.4545454545454546
138 3.0
139 2.6153846153846154
140 3.0
141 2.5
142 3.1538461538461537
143 3.142857142857143
144 2.6
145 2.3333333333333335
146 3.625
147 3.125
148 2.8
149 3.533333333333333
150 3.642857142857143
151 2.2
152 2.5
153 2.8
154 3.6666666666666665
155 2.8
156 2.230769230769231
157 4.0
158 2.6470588235294117
159 3.7777777777777777
160 3.2
161 3.375
162 2.0
163 3.5
164 3.5714285714285716
165 4.111111111111111
166 4.411764705882353
167 5.1875
168 4.0
169 1.4545454545454546
170 3.764705882352941
171 4.333333333333333
172 4.066666666666666
173 3.8666666666666667
174 4.2727272727272725
175 2.25
176 1.6666666666666667
177 4.375
178 2.5714285714285716
179 3.1818181818181817
180 4.25
181 2.875
182 2.3333333333333335
183 2.3333333333333335
184 3.5454545454545454
185 2.857142857142857
186 2.642857142857143
187 3.4375
188 3.7777777777777777
189 2.5714285714285716
190 3.0
191 2.9166666666666665
192 2.4615384615384617
193 2.2857142857142856
194 3.5
195 3.25
196 2.4
197 4.0
198 2.5
199 3.0
200 2.7
201 2.9166666666666665
202 2.25
203 1.4
204 1.5
205 2.0
206 2.7
207 4.142857142857143
208 2.6666666666666665
209 3.3
210 1.5
211 1.3333333333333333
212 2.25
213 2.5454545454545454
214 1.5
215 1.75
216 1.7
217 1.8
218 1.5
219 1.5
220 1.5714285714285714
221 2.7777777777777777
222 2.2666666666666666
223 2.3
224 1.7142857142857142
225 2.5
226 2.4285714285714284
227 2.4444444444444446
228 1.0
229 2.0
230 1.6666666666666667
231 1.1666666666666667
232 1.0
233 1.5
234 2.4444444444444446
235 1.5
236 2.4444444444444446
237 2.0
238 2.5
239 1.25
240 1.75
241 1.7777777777777777
242 1.5
243 1.8
244 1.625
245 1.4285714285714286
246 1.3333333333333333
247 2.2222222222222223
248 5.111111111111111
249 3.0
250 2.5
251 2.3
252 2.8
253 1.6
254 2.8181818181818183
255 2.1
256 2.6363636363636362
257 3.375
258 2.142857142857143
259 1.75
260 1.0
261 2.142857142857143
262 1.9090909090909092
263 1.5
264 2.875
265 1.8
266 2.0
267 1.5
268 3.1
269 2.5
270 2.5454545454545454
271 3.2222222222222223
272 1.6666666666666667
273 2.090909090909091
274 2.2
275 1.9166666666666667
276 2.75
277 3.2
278 2.1666666666666665
279 2.0833333333333335
280 2.0
281 1.8333333333333333
282 2.6666666666666665
283 3.4615384615384617
284 3.076923076923077
285 3.1
286 3.6666666666666665
287 2.111111111111111
288 3.75
289 3.076923076923077
290 3.6363636363636362
291 1.8333333333333333
292 1.8181818181818181
293 2.3333333333333335
294 2.3333333333333335
295 1.25
296 5.333333333333333
297 3.1666666666666665
298 2.0
299 2.125
300 2.2
301 1.6666666666666667
302 1.6666666666666667
303 5.0
304 2.7777777777777777
305 2.5
306 2.0
307 3.4285714285714284
308 1.5
309 1.25
310 4.0
311 3.0
312 2.909090909090909
313 2.1
314 3.2
315 2.1666666666666665
316 1.2857142857142858
317 2.8461538461538463
318 4.538461538461538
319 3.272727272727273
320 3.1
321 3.75
322 3.5
323 3.125
324 6.166666666666667
325 5.5
326 3.3846153846153846
327 3.888888888888889
328 2.5454545454545454
329 2.8
330 1.1666666666666667
331 3.4
332 2.7
333 3.8666666666666667
334 2.4545454545454546
335 4.083333333333333
336 2.1666666666666665
337 3.0
338 3.6923076923076925
339 2.888888888888889
340 4.5
341 4.076923076923077
342 4.636363636363637
343 2.888888888888889
344 3.0
345 6.181818181818182
346 5.25
347 4.7
348 3.0
349 1.9
350 2.2222222222222223
351 3.3333333333333335
352 4.153846153846154
353 2.7333333333333334
354 2.0
355 3.5714285714285716
356 3.125
357 2.1818181818181817
358 2.75
359 2.8333333333333335
360 3.769230769230769
361 2.2222222222222223
362 3.0
363 3.5
364 2.2
365 2.5
366 3.3076923076923075
367 2.3076923076923075
368 3.1818181818181817
369 2.625
370 2.0
371 1.7
372 1.75
373 3.142857142857143
374 5.0
375 5.0
376 4.75
377 4.8
378 3.375
379 1.0
380 2.75
381 3.357142857142857
382 2.727272727272727
383 2.2222222222222223
384 1.875
385 1.6666666666666667
386 2.0
387 2.6363636363636362
388 1.6
389 2.4444444444444446
390 1.6666666666666667
391 1.5555555555555556
392 1.8888888888888888
393 1.5
394 4.0
395 1.8888888888888888
396 2.25
397 2.0
398 2.5
399 1.5
400 2.0
401 3.6
402 3.7
403 2.230769230769231
404 2.5555555555555554
405 2.5
406 2.2857142857142856
407 1.0
408 1.75
409 2.1666666666666665
410 2.8181818181818183
411 2.5555555555555554
412 2.1666666666666665
413 2.0
414 1.75
415 4.421052631578948
416 3.0
417 4.230769230769231
418 3.8666666666666667
419 3.6363636363636362
420 2.0
421 3.0
422 4.529411764705882
423 3.4166666666666665
424 2.1538461538461537
425 2.4615384615384617
426 3.0
427 2.0
428 1.3333333333333333
429 3.357142857142857
430 2.8
431 3.0
432 3.75
433 3.5833333333333335
434 3.875
435 5.333333333333333
436 3.9
437 3.0
438 2.1818181818181817
439 3.7142857142857144
440 2.25
441 1.25
442 2.5
443 2.6666666666666665
444 3.1666666666666665
445 3.75
446 1.8888888888888888
447 1.8
448 1.5714285714285714
449 1.75
450 4.1
451 3.6923076923076925
452 3.5833333333333335
453 2.642857142857143
454 2.7857142857142856
455 3.2
456 1.4
457 3.272727272727273
458 3.7142857142857144
459 4.2
460 2.8
461 3.6923076923076925
462 1.6
463 1.2
464 2.8333333333333335
465 2.8333333333333335
466 1.8
467 1.6
468 2.75
469 1.75
470 2.0
471 1.7857142857142858
472 3.0
473 2.933333333333333
474 2.6
475 2.2222222222222223
476 3.0
477 1.5
478 3.090909090909091
479 3.2
480 2.090909090909091
481 3.3333333333333335
482 3.111111111111111
483 2.4285714285714284
484 1.0
485 3.6363636363636362
486 4.5
487 5.166666666666667
488 3.3333333333333335
489 3.3846153846153846
490 2.142857142857143
491 1.8
492 5.416666666666667
493 2.6363636363636362
494 3.7777777777777777
495 2.2857142857142856
496 1.4444444444444444
497 2.5
498 2.25
499 3.0
500 3.2
501 2.3
502 3.0
503 2.5833333333333335
504 3.1666666666666665
505 2.0
506 3.0
507 2.473684210526316
508 3.0
509 3.25
510 3.3846153846153846
511 2.0
512 1.6666666666666667
513 4.75
514 5.0
515 2.5454545454545454
516 2.3076923076923075
517 1.8461538461538463
518 2.5555555555555554
519 1.3333333333333333
520 5.333333333333333
521 3.6666666666666665
522 2.6666666666666665
523 3.2941176470588234
524 3.6666666666666665
525 3.0
526 2.0
527 5.411764705882353
528 4.714285714285714
529 2.75
530 4.333333333333333
531 5.0
532 4.5
533 4.6
534 4.5
535 4.166666666666667
536 4.0
537 5.916666666666667
538 5.0
539 4.8
540 2.6666666666666665
541 3.8
542 5.0
543 3.6153846153846154
544 3.8333333333333335
545 2.9285714285714284
546 2.0
547 5.5
548 3.0
549 2.5833333333333335
550 3.111111111111111
551 2.272727272727273
552 2.0833333333333335
553 2.1666666666666665
554 1.875
555 4.1
556 2.0
557 1.6666666666666667
558 3.0
559 2.75
560 2.4444444444444446
561 4.0
562 4.714285714285714
563 2.125
564 2.0
565 2.272727272727273
566 2.8333333333333335
567 1.7142857142857142
568 1.5
569 2.125
570 2.142857142857143
571 1.8333333333333333
572 2.25
573 2.5625
574 1.625
575 2.0
576 3.3846153846153846
577 2.1666666666666665
578 2.8
579 2.6363636363636362
580 2.6666666666666665
581 2.0
582 1.25
583 3.4444444444444446
584 2.8461538461538463
585 2.6
586 3.6923076923076925
587 3.0
588 1.4285714285714286
589 1.4285714285714286
590 3.3333333333333335
591 3.2666666666666666
592 2.3333333333333335
593 2.7333333333333334
594 2.8181818181818183
595 2.1666666666666665
596 2.5
597 5.0
598 3.5384615384615383
599 4.214285714285714
600 2.625
601 3.05
602 3.5
603 1.0
604 4.157894736842105
605 3.625
606 3.4444444444444446
607 2.3
608 3.727272727272727
609 3.0
610 2.0
611 4.857142857142857
612 3.5
613 3.3636363636363638
614 3.6666666666666665
615 3.6875
616 2.4444444444444446
617 2.3
618 3.6315789473684212
619 5.461538461538462
620 3.6470588235294117
621 3.076923076923077
622 2.5454545454545454
623 3.0
624 1.3333333333333333
625 4.142857142857143
626 2.2
627 2.25
628 2.6153846153846154
629 3.3076923076923075
630 1.0
631 1.7777777777777777
632 3.5
633 5.3
634 3.0
635 4.1875
636 2.9375
637 1.875
638 2.2
639 4.153846153846154
640 3.75
641 3.769230769230769
642 3.7857142857142856
643 4.153846153846154
644 3.6
645 4.2
646 4.0
647 3.5714285714285716
648 2.8
649 2.0
650 3.142857142857143
651 2.25
652 2.4285714285714284
653 3.125
654 3.5
655 1.3333333333333333
656 3.5
657 3.0
658 3.0
659 1.875
660 4.416666666666667
661 3.4615384615384617
662 2.9166666666666665
663 3.9166666666666665
664 2.4545454545454546
665 2.1666666666666665
666 3.142857142857143
667 3.0
668 3.2
669 2.5
670 1.8571428571428572
671 2.3333333333333335
672 2.5
673 2.0
674 4.0625
675 3.4
676 2.625
677 3.5454545454545454
678 2.25
679 2.4
680 2.125
681 3.2142857142857144
682 4.785714285714286
683 3.8
684 2.9285714285714284
685 3.1818181818181817
686 2.0
687 3.0
688 2.3636363636363638
689 2.466666666666667
690 3.6153846153846154
691 2.4166666666666665
692 2.9166666666666665
693 2.2
694 2.0
695 4.8
696 3.642857142857143
697 3.7777777777777777
698 3.125
699 4.25
700 3.0
701 4.0
702 5.125
703 4.0
704 3.8
705 3.2142857142857144
706 3.2222222222222223
707 2.0
708 2.6
709 3.533333333333333
710 3.5
711 3.5
712 2.357142857142857
713 1.625
714 1.25
715 1.625
716 2.125
717 2.125
718 1.8333333333333333
719 2.0
720 2.1666666666666665
721 1.6666666666666667
722 2.375
723 2.272727272727273
724 1.8181818181818181
725 2.923076923076923
726 1.7777777777777777
727 1.4
728 2.0
729 1.4285714285714286
730 2.5
731 2.2222222222222223
732 2.6153846153846154
733 2.3333333333333335
734 3.375
735 1.8
736 6.6
737 3.0
738 1.75
739 3.5
740 3.0
741 3.0
742 1.2
743 1.75
744 2.857142857142857
745 3.4
746 2.5625
747 3.272727272727273
748 2.3333333333333335
749 2.142857142857143
750 2.8
751 2.9411764705882355
752 4.285714285714286
753 3.5714285714285716
754 3.5
755 3.125
756 1.75
757 2.5833333333333335
758 1.6666666666666667
759 2.4615384615384617
760 2.3333333333333335
761 2.3846153846153846
762 2.857142857142857
763 1.1428571428571428
764 3.0714285714285716
765 3.5384615384615383
766 3.4545454545454546
767 2.142857142857143
768 3.230769230769231
769 2.6666666666666665
770 1.6
771 2.75
772 3.3333333333333335
773 3.0
774 4.818181818181818
775 2.923076923076923
776 3.0
777 2.0
778 3.1
779 3.3333333333333335
780 2.4444444444444446
781 2.6666666666666665
782 2.2857142857142856
783 2.25
784 1.2857142857142858
785 3.357142857142857
786 2.8461538461538463
787 3.8181818181818183
788 2.272727272727273
789 3.0
790 2.5714285714285716
791 2.8333333333333335
792 3.076923076923077
793 3.0
794 2.8
795 3.1538461538461537
796 3.5
797 3.3
798 4.25
799 3.076923076923077
800 5.0
801 4.0
802 4.066666666666666
803 4.4
804 1.9
805 2.857142857142857
806 2.9375
807 2.6666666666666665
808 2.4545454545454546
809 2.7777777777777777
810 3.2
811 1.8888888888888888
812 2.0
813 3.0
814 3.7142857142857144
815 4.0
816 2.75
817 3.3636363636363638
818 3.0
819 2.1666666666666665
820 4.166666666666667
821 1.7777777777777777
822 2.5
823 1.5
824 3.0
825 4.222222222222222
826 2.0
827 4.545454545454546
828 2.8125
829 3.75
830 3.5
831 3.4545454545454546
832 3.9
833 3.0
834 2.0
835 4.8
836 2.5384615384615383
837 4.615384615384615
838 2.642857142857143
839 3.090909090909091
840 2.3
841 4.2
842 7.363636363636363
843 3.8125
844 2.6
845 3.111111111111111
846 3.0
847 2.8333333333333335
848 2.6666666666666665
849 2.4545454545454546
850 2.75
851 2.9
852 2.142857142857143
853 2.75
854 2.0
855 3.0
856 1.3333333333333333
857 2.5714285714285716
858 1.7777777777777777
859 1.25
860 1.8333333333333333
861 1.5
862 2.875
863 1.875
864 2.7142857142857144
865 5.375
866 2.75
867 1.8333333333333333
868 3.0
869 3.0
870 2.4444444444444446
871 2.4
872 1.5
873 2.5
874 2.111111111111111
875 1.2
876 3.6
877 2.25
878 4.6
879 2.6666666666666665
880 2.4
881 1.8333333333333333
882 1.6666666666666667
883 2.857142857142857
884 2.3333333333333335
885 1.875
886 2.3333333333333335
887 2.2222222222222223
888 1.75
889 2.142857142857143
890 3.4166666666666665
891 4.384615384615385
892 4.846153846153846
893 3.6
894 4.166666666666667
895 2.875
896 2.142857142857143
897 3.142857142857143
898 4.5
899 3.8125
900 3.1666666666666665
901 3.5
902 2.2222222222222223
903 2.0
904 3.6666666666666665
905 4.111111111111111
906 3.4615384615384617
907 3.8461538461538463
908 4.076923076923077
909 2.8
910 3.142857142857143
911 2.7333333333333334
912 3.6875
913 3.9
914 4.666666666666667
915 4.7272727272727275
916 5.714285714285714
917 4.2
918 4.6
919 4.166666666666667
920 4.0
921 2.4285714285714284
922 3.0
923 3.0
924 1.5
925 2.0
926 2.6666666666666665
927 1.5
928 1.0
929 1.375
930 2.0
931 2.0
932 2.0
933 3.0
934 3.0
935 1.0
936 2.0
937 2.0
938 1.0
939 2.0
940 2.0
941 8.0
942 0
943 0
