0 4
1 10
2 18
3 14
4 14
5 0
6 8
7 15
8 14
9 16
10 21
11 6
12 0
13 12
14 15
15 16
16 19
17 22
18 12
19 1
20 12
21 21
22 20
23 24
24 23
25 11
26 2
27 19
28 20
29 26
30 27
31 30
32 22
33 1
34 24
35 26
36 34
37 31
38 27
39 21
40 3
41 19
42 29
43 29
44 31
45 28
46 23
47 1
48 22
49 30
50 36
51 28
52 31
53 28
54 5
55 21
56 34
57 34
58 34
59 27
60 23
61 4
62 22
63 27
64 23
65 27
66 31
67 22
68 5
69 23
70 31
71 25
72 29
73 28
74 26
75 3
76 29
77 26
78 29
79 29
80 29
81 19
82 2
83 22
84 31
85 32
86 30
87 33
88 18
89 7
90 22
91 34
92 26
93 28
94 27
95 20
96 3
97 22
98 31
99 32
100 31
101 33
102 22
103 3
104 29
105 33
106 31
107 29
108 30
109 26
110 4
111 26
112 34
113 33
114 22
115 31
116 22
117 3
118 27
119 29
120 26
121 31
122 29
123 17
124 7
125 32
126 26
127 33
128 33
129 32
130 27
131 2
132 23
133 36
134 32
135 27
136 26
137 19
138 4
139 23
140 31
141 35
142 32
143 28
144 27
145 2
146 23
147 30
148 28
149 36
150 31
151 20
152 3
153 28
154 34
155 28
156 24
157 25
158 20
159 8
160 29
161 32
162 31
163 33
164 25
165 14
166 2
167 20
168 36
169 35
170 29
171 29
172 21
173 5
174 20
175 30
176 29
177 28
178 31
179 21
180 4
181 24
182 33
183 32
184 28
185 30
186 13
187 5
188 18
189 33
190 30
191 31
192 28
193 19
194 2
195 27
196 31
197 32
198 33
199 27
200 17
201 5
202 23
203 32
204 29
205 29
206 24
207 15
208 5
209 27
210 31
211 30
212 30
213 29
214 19
215 4
216 26
217 28
218 32
219 32
220 27
221 21
222 3
223 21
224 29
225 30
226 35
227 31
228 15
229 3
230 29
231 35
232 38
233 28
234 28
235 12
236 5
237 25
238 29
239 37
240 30
241 25
242 18
243 4
244 29
245 29
246 29
247 30
248 27
249 9
250 3
251 25
252 31
253 29
254 32
255 24
256 11
257 3
258 27
259 30
260 29
261 26
262 24
263 11
264 4
265 29
266 33
267 28
268 29
269 27
270 11
271 3
272 28
273 31
274 33
275 32
276 33
277 11
278 5
279 28
280 29
281 25
282 28
283 23
284 11
285 2
286 27
287 33
288 27
289 33
290 23
291 13
292 4
293 25
294 26
295 32
296 32
297 25
298 11
299 3
300 25
301 32
302 25
303 29
304 27
305 6
306 2
307 31
308 27
309 25
310 27
311 24
312 8
313 4
314 29
315 30
316 34
317 36
318 26
319 8
320 4
321 24
322 29
323 32
324 23
325 24
326 6
327 4
328 25
329 26
330 26
331 33
332 34
333 7
334 1
335 28
336 33
337 27
338 29
339 31
340 4
341 3
342 30
343 27
344 28
345 24
346 24
347 5
348 4
349 29
350 33
351 36
352 21
353 25
354 4
355 2
356 26
357 18
358 10
359 11
360 3
361 0
362 2
363 5
364 9
365 4
366 2
367 1
368 0
369 2
370 5
371 4
372 3
373 5
374 4
375 1
376 1
377 1
378 1
379 8
380 2
381 0
382 1
383 0
384 3
385 1
386 0
387 0
388 0
389 1
390 1
391 1
392 0
393 2
394 2
395 0
396 0
397 0
398 0
399 3
400 0
401 1
402 1
403 0
404 1
405 0
406 1
407 0
408 0
409 2
410 0
411 0
412 0
413 1
414 2
415 0
416 0
417 0
418 0
419 2
420 0
421 0
422 0
423 0
424 1
425 0
426 1
427 0
428 0
