0 1
1 1
2 2
3 3
4 4
5 3
6 6
7 4
8 1
9 2
10 10
11 9
12 10
13 3
14 9
15 5
16 5
17 10
18 3
19 8
20 9
21 8
22 3
23 11
24 10
25 8
26 10
27 12
28 10
29 8
30 8
31 19
32 12
33 13
34 13
35 9
36 7
37 9
38 14
39 12
40 11
41 15
42 7
43 6
44 14
45 10
46 12
47 15
48 13
49 8
50 3
51 9
52 12
53 15
54 9
55 11
56 10
57 9
58 10
59 13
60 10
61 13
62 10
63 12
64 8
65 11
66 14
67 13
68 13
69 13
70 6
71 6
72 5
73 9
74 11
75 6
76 10
77 7
78 4
79 6
80 15
81 12
82 16
83 10
84 11
85 6
86 9
87 6
88 15
89 10
90 14
91 7
92 5
93 7
94 9
95 10
96 10
97 13
98 8
99 5
100 8
101 10
102 10
103 6
104 7
105 7
106 6
107 7
108 12
109 10
110 15
111 12
112 9
113 12
114 14
115 14
116 15
117 14
118 10
119 11
120 7
121 9
122 16
123 6
124 15
125 13
126 13
127 6
128 8
129 9
130 12
131 12
132 5
133 9
134 4
135 11
136 12
137 11
138 14
139 13
140 11
141 6
142 13
143 14
144 10
145 12
146 8
147 8
148 5
149 15
150 14
151 10
152 12
153 15
154 9
155 5
156 13
157 12
158 17
159 18
160 10
161 8
162 6
163 12
164 14
165 9
166 17
167 16
168 10
169 11
170 17
171 12
172 15
173 15
174 11
175 8
176 6
177 8
178 14
179 11
180 8
181 16
182 6
183 6
184 11
185 14
186 14
187 16
188 9
189 7
190 5
191 12
192 13
193 14
194 10
195 8
196 5
197 4
198 10
199 12
200 10
201 12
202 12
203 5
204 2
205 11
206 10
207 7
208 6
209 10
210 8
211 3
212 12
213 11
214 4
215 8
216 10
217 5
218 4
219 6
220 7
221 9
222 15
223 10
224 7
225 4
226 7
227 9
228 4
229 5
230 6
231 6
232 3
233 4
234 9
235 8
236 9
237 13
238 8
239 4
240 4
241 9
242 8
243 5
244 8
245 7
246 3
247 9
248 9
249 2
250 4
251 10
252 5
253 5
254 11
255 10
256 11
257 8
258 7
259 4
260 4
261 7
262 11
263 4
264 8
265 5
266 5
267 2
268 10
269 6
270 11
271 9
272 9
273 11
274 5
275 12
276 8
277 10
278 6
279 12
280 10
281 6
282 15
283 13
284 13
285 10
286 12
287 9
288 4
289 13
290 11
291 6
292 11
293 9
294 6
295 4
296 6
297 12
298 8
299 8
300 10
301 3
302 3
303 4
304 9
305 10
306 13
307 7
308 8
309 4
310 10
311 10
312 11
313 10
314 10
315 12
316 7
317 13
318 13
319 11
320 10
321 12
322 6
323 8
324 12
325 8
326 13
327 9
328 11
329 5
330 6
331 10
332 10
333 15
334 11
335 12
336 12
337 2
338 13
339 9
340 10
341 13
342 11
343 9
344 4
345 11
346 12
347 10
348 12
349 10
350 9
351 3
352 13
353 15
354 11
355 7
356 8
357 11
358 4
359 18
360 13
361 9
362 10
363 16
364 10
365 4
366 13
367 13
368 11
369 8
370 11
371 10
372 4
373 14
374 8
375 11
376 12
377 10
378 8
379 1
380 8
381 14
382 11
383 9
384 8
385 6
386 3
387 11
388 5
389 9
390 9
391 9
392 9
393 4
394 10
395 9
396 4
397 10
398 6
399 8
400 4
401 10
402 10
403 13
404 18
405 16
406 7
407 2
408 12
409 6
410 11
411 9
412 12
413 8
414 4
415 19
416 9
417 13
418 15
419 11
420 4
421 5
422 17
423 12
424 13
425 13
426 11
427 6
428 3
429 14
430 10
431 8
432 8
433 12
434 8
435 3
436 10
437 13
438 11
439 7
440 8
441 4
442 4
443 9
444 12
445 4
446 9
447 10
448 7
449 4
450 10
451 13
452 12
453 14
454 14
455 10
456 5
457 11
458 7
459 10
460 15
461 13
462 5
463 5
464 12
465 6
466 5
467 5
468 8
469 8
470 6
471 14
472 13
473 15
474 15
475 9
476 8
477 2
478 11
479 10
480 11
481 9
482 9
483 7
484 3
485 11
486 10
487 6
488 12
489 13
490 7
491 5
492 12
493 11
494 9
495 7
496 9
497 8
498 4
499 9
500 10
501 10
502 12
503 12
504 6
505 5
506 12
507 19
508 12
509 16
510 13
511 9
512 3
513 12
514 10
515 11
516 13
517 13
518 9
519 3
520 12
521 9
522 12
523 17
524 15
525 7
526 6
527 17
528 14
529 12
530 12
531 15
532 8
533 5
534 12
535 12
536 13
537 12
538 9
539 5
540 6
541 10
542 13
543 13
544 12
545 14
546 5
547 6
548 9
549 12
550 9
551 11
552 12
553 6
554 8
555 10
556 9
557 6
558 5
559 12
560 9
561 1
562 14
563 8
564 2
565 11
566 6
567 7
568 6
569 8
570 7
571 6
572 8
573 16
574 8
575 1
576 13
577 6
578 10
579 11
580 9
581 5
582 4
583 9
584 13
585 15
586 13
587 13
588 7
589 7
590 9
591 15
592 12
593 15
594 11
595 6
596 2
597 12
598 13
599 14
600 16
601 20
602 8
603 4
604 19
605 16
606 9
607 10
608 11
609 6
610 5
611 14
612 14
613 11
614 12
615 16
616 9
617 10
618 19
619 13
620 17
621 13
622 11
623 6
624 3
625 14
626 10
627 12
628 13
629 13
630 5
631 9
632 12
633 10
634 13
635 16
636 16
637 8
638 10
639 13
640 12
641 13
642 14
643 13
644 10
645 10
646 14
647 7
648 10
649 15
650 7
651 4
652 7
653 8
654 8
655 3
656 10
657 5
658 7
659 8
660 12
661 13
662 12
663 12
664 11
665 6
666 7
667 10
668 10
669 4
670 7
671 9
672 6
673 9
674 16
675 15
676 8
677 11
678 4
679 5
680 8
681 14
682 14
683 10
684 14
685 11
686 7
687 5
688 11
689 15
690 13
691 12
692 12
693 5
694 9
695 10
696 14
697 9
698 16
699 8
700 8
701 9
702 8
703 10
704 15
705 14
706 9
707 6
708 10
709 15
710 14
711 10
712 14
713 8
714 4
715 8
716 8
717 8
718 12
719 7
720 6
721 3
722 8
723 11
724 11
725 13
726 9
727 5
728 5
729 7
730 10
731 9
732 13
733 9
734 8
735 5
736 5
737 5
738 12
739 8
740 12
741 7
742 5
743 4
744 14
745 10
746 16
747 11
748 9
749 7
750 10
751 17
752 7
753 14
754 14
755 8
756 8
757 12
758 9
759 13
760 12
761 13
762 7
763 7
764 14
765 13
766 11
767 14
768 13
769 9
770 5
771 8
772 15
773 13
774 11
775 13
776 13
777 10
778 10
779 9
780 9
781 12
782 7
783 8
784 7
785 14
786 13
787 11
788 11
789 12
790 7
791 6
792 13
793 14
794 15
795 13
796 12
797 10
798 8
799 13
800 14
801 11
802 15
803 10
804 10
805 7
806 16
807 9
808 11
809 9
810 5
811 9
812 3
813 7
814 7
815 11
816 12
817 11
818 7
819 6
820 6
821 9
822 8
823 4
824 9
825 9
826 7
827 11
828 16
829 12
830 10
831 11
832 10
833 7
834 9
835 15
836 13
837 13
838 14
839 11
840 10
841 15
842 11
843 16
844 15
845 9
846 11
847 6
848 12
849 11
850 8
851 10
852 7
853 4
854 4
855 6
856 9
857 14
858 9
859 8
860 6
861 2
862 8
863 8
864 7
865 8
866 8
867 6
868 4
869 11
870 9
871 10
872 2
873 8
874 9
875 5
876 10
877 4
878 10
879 12
880 10
881 6
882 3
883 7
884 9
885 8
886 15
887 9
888 8
889 7
890 12
891 13
892 13
893 15
894 12
895 8
896 7
897 14
898 14
899 16
900 12
901 16
902 9
903 7
904 6
905 9
906 13
907 13
908 13
909 10
910 7
911 15
912 16
913 10
914 12
915 11
916 7
917 5
918 10
919 12
920 10
921 7
922 6
923 2
924 2
925 1
926 3
927 4
928 4
929 8
930 2
931 3
932 2
933 7
934 2
935 2
936 2
937 2
938 2
939 5
940 2
941 1
942 0
943 0
