0 1
1 6
2 13
3 11
4 15
5 0
6 5
7 11
8 13
9 13
10 21
11 6
12 0
13 11
14 15
15 17
16 16
17 19
18 11
19 1
20 11
21 16
22 16
23 26
24 28
25 9
26 0
27 18
28 15
29 23
30 28
31 32
32 20
33 0
34 23
35 26
36 28
37 29
38 24
39 25
40 0
41 15
42 29
43 25
44 32
45 26
46 18
47 0
48 21
49 29
50 34
51 26
52 27
53 24
54 5
55 19
56 38
57 33
58 39
59 23
60 19
61 2
62 20
63 27
64 24
65 26
66 28
67 24
68 3
69 20
70 32
71 29
72 27
73 27
74 22
75 2
76 25
77 31
78 29
79 32
80 27
81 17
82 2
83 23
84 28
85 30
86 31
87 30
88 15
89 7
90 26
91 32
92 28
93 29
94 27
95 17
96 4
97 20
98 27
99 34
100 29
101 31
102 20
103 0
104 30
105 32
106 35
107 29
108 26
109 24
110 1
111 30
112 35
113 31
114 26
115 31
116 20
117 3
118 31
119 31
120 31
121 26
122 27
123 18
124 5
125 25
126 28
127 33
128 35
129 32
130 25
131 3
132 29
133 33
134 34
135 30
136 27
137 17
138 4
139 20
140 29
141 34
142 33
143 32
144 24
145 0
146 20
147 28
148 28
149 35
150 30
151 24
152 3
153 29
154 36
155 35
156 21
157 23
158 19
159 6
160 26
161 32
162 33
163 30
164 25
165 13
166 0
167 24
168 28
169 33
170 33
171 26
172 21
173 3
174 21
175 29
176 28
177 30
178 26
179 17
180 3
181 26
182 32
183 29
184 30
185 29
186 12
187 4
188 22
189 30
190 32
191 30
192 27
193 17
194 2
195 29
196 31
197 29
198 33
199 29
200 16
201 4
202 23
203 30
204 30
205 32
206 23
207 13
208 3
209 29
210 26
211 32
212 29
213 26
214 16
215 4
216 28
217 30
218 33
219 32
220 29
221 18
222 3
223 20
224 27
225 31
226 31
227 30
228 19
229 6
230 30
231 30
232 37
233 32
234 23
235 10
236 2
237 30
238 28
239 33
240 33
241 23
242 18
243 2
244 31
245 31
246 29
247 29
248 26
249 9
250 2
251 27
252 29
253 29
254 33
255 23
256 13
257 0
258 25
259 30
260 31
261 27
262 23
263 10
264 1
265 27
266 36
267 29
268 27
269 25
270 9
271 0
272 25
273 29
274 32
275 31
276 30
277 14
278 2
279 30
280 31
281 27
282 26
283 25
284 11
285 2
286 29
287 37
288 27
289 34
290 22
291 7
292 3
293 25
294 26
295 32
296 30
297 25
298 14
299 3
300 28
301 30
302 22
303 31
304 29
305 5
306 0
307 29
308 23
309 26
310 26
311 22
312 7
313 2
314 28
315 32
316 34
317 35
318 27
319 3
320 3
321 24
322 28
323 34
324 23
325 25
326 7
327 2
328 26
329 25
330 26
331 27
332 32
333 6
334 2
335 30
336 32
337 30
338 29
339 30
340 2
341 0
342 31
343 28
344 27
345 27
346 21
347 3
348 3
349 29
350 32
351 38
352 26
353 19
354 2
355 3
356 23
357 23
358 13
359 16
360 7
361 0
362 2
363 9
364 15
365 8
366 7
367 3
368 0
369 5
370 7
371 8
372 5
373 5
374 5
375 1
376 2
377 3
378 3
379 9
380 2
381 0
382 1
383 0
384 6
385 1
386 0
387 0
388 0
389 2
390 1
391 1
392 2
393 3
394 3
395 1
396 0
397 0
398 0
399 6
400 1
401 1
402 1
403 0
404 1
405 0
406 1
407 1
408 0
409 4
410 0
411 0
412 0
413 1
414 3
415 2
416 0
417 0
418 0
419 2
420 1
421 0
422 0
423 0
424 1
425 0
426 2
427 1
428 0
