0 0
1 1
2 0
3 1
4 4
5 3
6 4
7 4
8 2
9 1
10 7
11 5
12 9
13 1
14 9
15 9
16 3
17 10
18 2
19 5
20 8
21 4
22 5
23 9
24 9
25 8
26 9
27 13
28 9
29 9
30 7
31 15
32 14
33 12
34 10
35 12
36 10
37 6
38 14
39 13
40 12
41 16
42 9
43 7
44 14
45 10
46 12
47 13
48 11
49 9
50 5
51 11
52 13
53 17
54 9
55 9
56 11
57 11
58 7
59 12
60 11
61 12
62 6
63 12
64 12
65 13
66 13
67 13
68 15
69 13
70 7
71 6
72 8
73 8
74 12
75 8
76 8
77 7
78 3
79 8
80 10
81 14
82 15
83 12
84 9
85 7
86 7
87 9
88 15
89 15
90 16
91 8
92 4
93 9
94 8
95 10
96 10
97 14
98 9
99 7
100 6
101 11
102 12
103 9
104 10
105 7
106 6
107 6
108 11
109 10
110 14
111 9
112 8
113 13
114 15
115 15
116 14
117 14
118 6
119 16
120 8
121 13
122 16
123 6
124 11
125 14
126 11
127 5
128 7
129 6
130 13
131 13
132 9
133 11
134 3
135 10
136 9
137 10
138 12
139 13
140 11
141 6
142 11
143 15
144 9
145 11
146 10
147 10
148 7
149 10
150 12
151 10
152 11
153 16
154 12
155 7
156 8
157 11
158 12
159 18
160 11
161 11
162 7
163 12
164 13
165 13
166 15
167 15
168 12
169 9
170 15
171 12
172 16
173 13
174 13
175 10
176 6
177 12
178 13
179 12
180 9
181 12
182 9
183 6
184 10
185 10
186 12
187 15
188 11
189 9
190 9
191 11
192 10
193 12
194 12
195 10
196 7
197 3
198 10
199 10
200 9
201 13
202 9
203 7
204 3
205 12
206 10
207 9
208 8
209 7
210 8
211 5
212 10
213 9
214 4
215 4
216 9
217 6
218 5
219 6
220 8
221 9
222 13
223 9
224 5
225 5
226 5
227 9
228 4
229 4
230 5
231 9
232 4
233 5
234 7
235 6
236 6
237 13
238 8
239 3
240 4
241 8
242 9
243 5
244 7
245 5
246 3
247 7
248 9
249 5
250 5
251 8
252 5
253 4
254 8
255 10
256 10
257 10
258 6
259 7
260 3
261 5
262 9
263 4
264 6
265 6
266 6
267 3
268 10
269 6
270 9
271 7
272 11
273 13
274 4
275 7
276 10
277 10
278 3
279 8
280 10
281 7
282 12
283 11
284 12
285 9
286 13
287 9
288 6
289 12
290 9
291 9
292 10
293 11
294 7
295 6
296 6
297 13
298 8
299 8
300 10
301 3
302 6
303 4
304 7
305 11
306 8
307 7
308 8
309 3
310 8
311 11
312 10
313 8
314 13
315 11
316 5
317 11
318 11
319 13
320 9
321 10
322 9
323 6
324 14
325 8
326 10
327 7
328 11
329 7
330 5
331 12
332 10
333 16
334 10
335 14
336 11
337 2
338 16
339 10
340 9
341 10
342 11
343 10
344 6
345 11
346 12
347 12
348 12
349 12
350 11
351 3
352 11
353 15
354 11
355 7
356 9
357 12
358 2
359 17
360 11
361 8
362 12
363 16
364 10
365 3
366 16
367 12
368 11
369 10
370 10
371 10
372 6
373 13
374 10
375 9
376 10
377 13
378 10
379 5
380 7
381 14
382 12
383 9
384 7
385 8
386 4
387 11
388 7
389 11
390 8
391 9
392 9
393 5
394 10
395 8
396 3
397 8
398 7
399 6
400 4
401 7
402 12
403 12
404 15
405 12
406 9
407 2
408 8
409 6
410 11
411 7
412 8
413 10
414 6
415 14
416 11
417 14
418 15
419 14
420 6
421 7
422 16
423 14
424 14
425 12
426 11
427 7
428 3
429 12
430 12
431 6
432 10
433 11
434 9
435 2
436 7
437 10
438 12
439 10
440 8
441 4
442 6
443 8
444 12
445 6
446 10
447 9
448 7
449 4
450 9
451 11
452 13
453 13
454 13
455 13
456 8
457 9
458 6
459 9
460 13
461 15
462 6
463 7
464 11
465 10
466 7
467 6
468 8
469 7
470 6
471 10
472 11
473 14
474 15
475 9
476 10
477 2
478 10
479 12
480 6
481 11
482 10
483 11
484 2
485 11
486 12
487 7
488 10
489 11
490 9
491 4
492 9
493 11
494 9
495 8
496 10
497 8
498 6
499 10
500 10
501 8
502 12
503 10
504 8
505 5
506 10
507 18
508 11
509 16
510 12
511 10
512 4
513 11
514 9
515 13
516 14
517 12
518 11
519 2
520 11
521 10
522 11
523 16
524 16
525 7
526 9
527 14
528 16
529 13
530 12
531 15
532 10
533 7
534 12
535 12
536 13
537 17
538 11
539 6
540 6
541 13
542 15
543 10
544 12
545 14
546 4
547 7
548 8
549 12
550 7
551 11
552 10
553 9
554 6
555 12
556 8
557 9
558 7
559 11
560 8
561 5
562 14
563 5
564 4
565 10
566 4
567 8
568 7
569 6
570 5
571 6
572 9
573 14
574 9
575 1
576 13
577 2
578 10
579 9
580 10
581 6
582 3
583 10
584 10
585 11
586 12
587 10
588 5
589 7
590 11
591 13
592 13
593 15
594 13
595 8
596 4
597 12
598 11
599 13
600 16
601 18
602 12
603 3
604 17
605 16
606 12
607 12
608 15
609 8
610 4
611 12
612 14
613 12
614 12
615 13
616 10
617 10
618 17
619 14
620 15
621 14
622 13
623 7
624 5
625 13
626 11
627 12
628 12
629 13
630 6
631 7
632 13
633 12
634 10
635 14
636 16
637 8
638 13
639 13
640 12
641 11
642 15
643 11
644 12
645 11
646 13
647 8
648 9
649 13
650 8
651 8
652 10
653 8
654 9
655 7
656 11
657 5
658 9
659 7
660 10
661 13
662 9
663 11
664 11
665 6
666 8
667 13
668 10
669 5
670 7
671 9
672 7
673 8
674 15
675 16
676 9
677 13
678 4
679 9
680 8
681 12
682 13
683 10
684 13
685 12
686 8
687 5
688 12
689 14
690 12
691 12
692 14
693 8
694 9
695 10
696 13
697 7
698 15
699 10
700 10
701 11
702 8
703 10
704 13
705 13
706 13
707 7
708 5
709 16
710 16
711 11
712 16
713 9
714 5
715 7
716 11
717 9
718 11
719 8
720 8
721 4
722 6
723 10
724 9
725 13
726 9
727 6
728 5
729 7
730 9
731 10
732 13
733 4
734 11
735 8
736 5
737 6
738 11
739 7
740 11
741 7
742 4
743 2
744 14
745 13
746 15
747 13
748 9
749 8
750 9
751 16
752 9
753 15
754 14
755 10
756 8
757 9
758 9
759 9
760 11
761 10
762 11
763 8
764 10
765 13
766 11
767 13
768 12
769 12
770 6
771 6
772 14
773 11
774 13
775 8
776 15
777 11
778 10
779 10
780 11
781 11
782 7
783 8
784 7
785 13
786 13
787 9
788 16
789 12
790 11
791 9
792 9
793 12
794 11
795 12
796 12
797 8
798 10
799 10
800 12
801 12
802 15
803 13
804 9
805 8
806 15
807 8
808 12
809 12
810 5
811 9
812 5
813 6
814 9
815 12
816 11
817 10
818 6
819 6
820 6
821 9
822 9
823 6
824 9
825 8
826 7
827 8
828 14
829 13
830 10
831 10
832 10
833 11
834 7
835 16
836 15
837 15
838 14
839 9
840 7
841 14
842 9
843 18
844 15
845 11
846 12
847 5
848 14
849 13
850 7
851 12
852 10
853 6
854 6
855 7
856 5
857 12
858 12
859 6
860 6
861 4
862 7
863 8
864 8
865 6
866 8
867 6
868 6
869 9
870 9
871 11
872 4
873 6
874 12
875 4
876 6
877 5
878 8
879 12
880 11
881 5
882 7
883 7
884 9
885 8
886 14
887 10
888 8
889 6
890 7
891 13
892 12
893 15
894 12
895 10
896 10
897 13
898 13
899 15
900 15
901 15
902 12
903 10
904 10
905 11
906 9
907 13
908 11
909 10
910 5
911 14
912 17
913 12
914 11
915 12
916 7
917 8
918 11
919 12
920 8
921 8
922 8
923 3
924 6
925 3
926 2
927 7
928 2
929 7
930 2
931 3
932 5
933 7
934 6
935 2
936 1
937 1
938 3
939 4
940 5
941 2
942 1
943 0
