0 3.0
1 5.833333333333333
2 4.230769230769231
3 3.4545454545454546
4 2.8
5 0
6 4.6
7 6.545454545454546
8 2.3846153846153846
9 6.538461538461538
10 4.904761904761905
11 2.1666666666666665
12 0
13 3.8181818181818183
14 4.133333333333334
15 6.9411764705882355
16 4.6875
17 6.631578947368421
18 4.0
19 2.0
20 2.8181818181818183
21 4.625
22 5.5625
23 3.5
24 3.107142857142857
25 3.6666666666666665
26 0
27 4.777777777777778
28 6.733333333333333
29 6.3478260869565215
30 7.5
31 8.9375
32 4.35
33 0
34 5.869565217391305
35 7.384615384615385
36 9.928571428571429
37 7.793103448275862
38 8.291666666666666
39 4.72
40 0
41 4.466666666666667
42 10.620689655172415
43 10.24
44 7.3125
45 10.76923076923077
46 5.5
47 0
48 5.095238095238095
49 8.0
50 10.735294117647058
51 9.346153846153847
52 8.851851851851851
53 5.416666666666667
54 3.2
55 6.2631578947368425
56 9.342105263157896
57 9.515151515151516
58 8.23076923076923
59 9.521739130434783
60 5.105263157894737
61 1.0
62 6.45
63 9.37037037037037
64 6.541666666666667
65 9.5
66 8.642857142857142
67 4.5
68 5.0
69 5.7
70 8.09375
71 9.758620689655173
72 7.592592592592593
73 8.481481481481481
74 4.5
75 2.5
76 6.16
77 7.483870967741935
78 9.10344827586207
79 9.5625
80 8.62962962962963
81 6.764705882352941
82 3.5
83 6.608695652173913
84 9.25
85 10.133333333333333
86 8.838709677419354
87 8.0
88 6.333333333333333
89 3.142857142857143
90 5.076923076923077
91 8.125
92 9.107142857142858
93 6.827586206896552
94 7.7407407407407405
95 4.235294117647059
96 7.75
97 5.9
98 8.37037037037037
99 9.0
100 10.172413793103448
101 7.161290322580645
102 5.2
103 0
104 4.7
105 9.96875
106 7.057142857142857
107 8.413793103448276
108 8.346153846153847
109 6.083333333333333
110 9.0
111 5.733333333333333
112 10.257142857142858
113 8.548387096774194
114 8.923076923076923
115 7.387096774193548
116 7.15
117 3.3333333333333335
118 4.741935483870968
119 5.709677419354839
120 6.774193548387097
121 8.038461538461538
122 9.037037037037036
123 4.166666666666667
124 3.0
125 4.48
126 7.214285714285714
127 8.93939393939394
128 7.6571428571428575
129 5.9375
130 4.52
131 3.0
132 4.103448275862069
133 7.7272727272727275
134 9.264705882352942
135 7.766666666666667
136 7.518518518518518
137 6.235294117647059
138 4.0
139 6.6
140 6.896551724137931
141 9.441176470588236
142 6.96969696969697
143 7.90625
144 4.291666666666667
145 0
146 7.3
147 8.428571428571429
148 8.464285714285714
149 6.4
150 10.5
151 6.083333333333333
152 2.3333333333333335
153 7.517241379310345
154 10.277777777777779
155 9.6
156 12.095238095238095
157 10.304347826086957
158 5.2105263157894735
159 4.166666666666667
160 8.192307692307692
161 9.625
162 8.606060606060606
163 10.133333333333333
164 8.28
165 4.846153846153846
166 0
167 6.416666666666667
168 10.464285714285714
169 9.151515151515152
170 10.181818181818182
171 7.230769230769231
172 4.523809523809524
173 3.3333333333333335
174 6.380952380952381
175 7.689655172413793
176 8.035714285714286
177 7.666666666666667
178 7.076923076923077
179 3.8823529411764706
180 6.0
181 5.5
182 9.40625
183 9.655172413793103
184 8.366666666666667
185 8.344827586206897
186 5.25
187 8.25
188 7.409090909090909
189 9.7
190 7.625
191 9.4
192 8.148148148148149
193 3.3529411764705883
194 4.0
195 6.0
196 9.161290322580646
197 8.10344827586207
198 8.393939393939394
199 7.482758620689655
200 4.5
201 4.25
202 6.608695652173913
203 8.166666666666666
204 10.9
205 8.3125
206 8.826086956521738
207 4.846153846153846
208 8.333333333333334
209 6.896551724137931
210 8.653846153846153
211 6.4375
212 10.068965517241379
213 8.153846153846153
214 4.5
215 1.5
216 6.107142857142857
217 10.666666666666666
218 7.454545454545454
219 6.59375
220 8.655172413793103
221 4.722222222222222
222 1.3333333333333333
223 6.65
224 9.222222222222221
225 8.064516129032258
226 7.870967741935484
227 7.633333333333334
228 3.210526315789474
229 5.333333333333333
230 7.833333333333333
231 10.466666666666667
232 7.378378378378378
233 6.0625
234 8.217391304347826
235 5.6
236 10.0
237 6.333333333333333
238 10.0
239 7.696969696969697
240 7.0
241 8.043478260869565
242 3.5
243 3.5
244 6.774193548387097
245 7.548387096774194
246 9.310344827586206
247 8.862068965517242
248 8.461538461538462
249 2.888888888888889
250 5.5
251 6.185185185185185
252 8.517241379310345
253 9.172413793103448
254 8.545454545454545
255 8.173913043478262
256 5.0
257 0
258 10.52
259 9.066666666666666
260 8.161290322580646
261 8.11111111111111
262 10.217391304347826
263 5.9
264 5.0
265 6.444444444444445
266 7.166666666666667
267 7.517241379310345
268 10.037037037037036
269 9.64
270 5.888888888888889
271 0
272 8.44
273 10.620689655172415
274 8.71875
275 7.870967741935484
276 7.1
277 2.7142857142857144
278 5.0
279 6.866666666666666
280 10.774193548387096
281 7.703703703703703
282 9.26923076923077
283 6.84
284 3.1818181818181817
285 2.5
286 7.172413793103448
287 6.837837837837838
288 7.925925925925926
289 7.264705882352941
290 9.409090909090908
291 6.0
292 11.0
293 7.2
294 7.615384615384615
295 7.875
296 8.166666666666666
297 6.8
298 2.7857142857142856
299 4.0
300 5.964285714285714
301 8.466666666666667
302 8.454545454545455
303 7.774193548387097
304 7.379310344827586
305 1.6
306 0
307 6.931034482758621
308 10.391304347826088
309 7.8076923076923075
310 6.923076923076923
311 7.7272727272727275
312 3.7142857142857144
313 6.0
314 7.178571428571429
315 7.15625
316 7.4411764705882355
317 6.057142857142857
318 5.148148148148148
319 8.666666666666666
320 5.666666666666667
321 6.791666666666667
322 7.892857142857143
323 9.117647058823529
324 8.652173913043478
325 8.84
326 2.5714285714285716
327 6.5
328 6.769230769230769
329 10.12
330 7.0
331 9.88888888888889
332 7.125
333 3.3333333333333335
334 3.5
335 7.433333333333334
336 8.0625
337 8.933333333333334
338 8.275862068965518
339 7.933333333333334
340 2.5
341 0
342 7.935483870967742
343 9.857142857142858
344 9.74074074074074
345 6.444444444444445
346 9.523809523809524
347 2.0
348 1.3333333333333333
349 8.482758620689655
350 8.40625
351 8.263157894736842
352 8.807692307692308
353 10.052631578947368
354 1.0
355 5.333333333333333
356 5.956521739130435
357 5.695652173913044
358 6.384615384615385
359 2.4375
360 4.428571428571429
361 0
362 6.5
363 5.0
364 5.266666666666667
365 4.125
366 4.428571428571429
367 4.666666666666667
368 0
369 6.4
370 5.571428571428571
371 3.5
372 6.4
373 10.8
374 7.6
375 4.0
376 1.0
377 2.3333333333333335
378 7.333333333333333
379 2.2222222222222223
380 10.0
381 0
382 4.0
383 0
384 4.166666666666667
385 13.0
386 0
387 0
388 0
389 1.5
390 8.0
391 4.0
392 4.5
393 5.333333333333333
394 4.333333333333333
395 7.0
396 0
397 0
398 0
399 5.5
400 8.0
401 7.0
402 4.0
403 0
404 2.0
405 0
406 3.0
407 3.0
408 0
409 3.5
410 0
411 0
412 0
413 6.0
414 3.0
415 4.5
416 0
417 0
418 0
419 1.5
420 2.0
421 0
422 0
423 0
424 1.0
425 0
426 2.0
427 6.0
428 0
