0 0
1 5.0
2 0
3 7.0
4 2.25
5 1.3333333333333333
6 2.25
7 1.5
8 1.0
9 1.0
10 2.0
11 2.0
12 1.7777777777777777
13 1.0
14 2.5555555555555554
15 1.8888888888888888
16 3.0
17 2.0
18 2.5
19 2.6
20 2.0
21 1.75
22 2.0
23 2.5555555555555554
24 2.2222222222222223
25 1.75
26 1.8888888888888888
27 2.5384615384615383
28 2.6666666666666665
29 3.111111111111111
30 2.0
31 3.533333333333333
32 3.4285714285714284
33 2.4166666666666665
34 3.1
35 2.5833333333333335
36 2.4
37 2.3333333333333335
38 2.7857142857142856
39 3.1538461538461537
40 2.0833333333333335
41 3.4375
42 2.5555555555555554
43 4.0
44 2.642857142857143
45 4.0
46 3.9166666666666665
47 4.153846153846154
48 3.090909090909091
49 2.2222222222222223
50 1.4
51 3.0
52 3.076923076923077
53 2.5294117647058822
54 4.888888888888889
55 1.7777777777777777
56 2.8181818181818183
57 3.909090909090909
58 3.5714285714285716
59 3.1666666666666665
60 2.3636363636363638
61 4.666666666666667
62 2.8333333333333335
63 3.3333333333333335
64 2.6666666666666665
65 2.0
66 2.5384615384615383
67 3.3846153846153846
68 5.0
69 3.0
70 2.7142857142857144
71 3.0
72 2.0
73 2.0
74 2.5833333333333335
75 1.875
76 2.875
77 1.7142857142857142
78 2.6666666666666665
79 2.25
80 4.1
81 2.9285714285714284
82 3.6666666666666665
83 3.0833333333333335
84 2.3333333333333335
85 3.142857142857143
86 2.5714285714285716
87 2.3333333333333335
88 3.4
89 3.2
90 3.0625
91 1.875
92 2.0
93 3.3333333333333335
94 3.875
95 2.5
96 3.4
97 2.142857142857143
98 3.5555555555555554
99 1.7142857142857142
100 4.666666666666667
101 2.8181818181818183
102 2.8333333333333335
103 3.5555555555555554
104 2.4
105 3.4285714285714284
106 1.6666666666666667
107 1.6666666666666667
108 3.8181818181818183
109 4.7
110 2.5714285714285716
111 4.777777777777778
112 4.125
113 3.0
114 3.6
115 3.3333333333333335
116 5.0
117 3.7142857142857144
118 3.0
119 2.9375
120 1.75
121 2.6923076923076925
122 2.75
123 2.3333333333333335
124 3.5454545454545454
125 2.142857142857143
126 3.4545454545454546
127 4.0
128 6.142857142857143
129 6.5
130 2.230769230769231
131 2.4615384615384617
132 3.2222222222222223
133 2.5454545454545454
134 3.6666666666666665
135 3.3
136 3.7777777777777777
137 3.4
138 2.8333333333333335
139 3.076923076923077
140 2.3636363636363638
141 3.0
142 4.181818181818182
143 3.6
144 3.2222222222222223
145 2.4545454545454546
146 2.2
147 2.7
148 2.4285714285714284
149 3.5
150 3.5
151 3.1
152 2.909090909090909
153 2.9375
154 2.25
155 2.4285714285714284
156 3.0
157 2.6363636363636362
158 3.1666666666666665
159 4.222222222222222
160 3.0
161 2.6363636363636362
162 3.857142857142857
163 3.6666666666666665
164 3.923076923076923
165 2.3076923076923075
166 4.4
167 4.933333333333334
168 3.1666666666666665
169 1.7777777777777777
170 3.8666666666666667
171 4.583333333333333
172 3.5625
173 5.0
174 5.153846153846154
175 2.1
176 4.833333333333333
177 2.8333333333333335
178 2.769230769230769
179 2.75
180 2.7777777777777777
181 4.666666666666667
182 3.111111111111111
183 3.8333333333333335
184 2.4
185 3.4
186 2.5833333333333335
187 4.333333333333333
188 3.0
189 2.111111111111111
190 2.3333333333333335
191 3.1818181818181817
192 2.6
193 3.5
194 2.4166666666666665
195 3.1
196 2.142857142857143
197 4.333333333333333
198 2.6
199 2.9
200 2.4444444444444446
201 2.6923076923076925
202 3.7777777777777777
203 1.7142857142857142
204 1.3333333333333333
205 1.6666666666666667
206 2.0
207 3.7777777777777777
208 3.75
209 3.857142857142857
210 2.625
211 2.4
212 2.4
213 2.5555555555555554
214 1.5
215 2.25
216 3.111111111111111
217 1.3333333333333333
218 1.2
219 2.5
220 1.125
221 3.4444444444444446
222 2.1538461538461537
223 2.2222222222222223
224 2.2
225 3.4
226 2.2
227 2.0
228 2.25
229 1.25
230 1.6
231 1.4444444444444444
232 2.0
233 1.2
234 3.4285714285714284
235 1.5
236 3.3333333333333335
237 2.6923076923076925
238 2.5
239 1.6666666666666667
240 1.0
241 2.125
242 1.5555555555555556
243 1.4
244 1.8571428571428572
245 1.6
246 1.6666666666666667
247 2.142857142857143
248 4.222222222222222
249 2.0
250 2.8
251 2.5
252 1.6
253 1.75
254 3.25
255 2.3
256 2.5
257 2.2
258 3.6666666666666665
259 3.4285714285714284
260 2.0
261 1.6
262 2.0
263 1.75
264 3.8333333333333335
265 1.1666666666666667
266 1.8333333333333333
267 1.6666666666666667
268 3.2
269 1.6666666666666667
270 2.111111111111111
271 4.285714285714286
272 2.1818181818181817
273 2.0
274 1.75
275 2.2857142857142856
276 1.9
277 2.8
278 1.6666666666666667
279 3.125
280 2.2
281 1.7142857142857142
282 2.4166666666666665
283 3.909090909090909
284 3.0833333333333335
285 2.888888888888889
286 4.3076923076923075
287 2.111111111111111
288 3.3333333333333335
289 3.0833333333333335
290 3.6666666666666665
291 2.888888888888889
292 3.0
293 1.8181818181818181
294 3.0
295 2.0
296 2.3333333333333335
297 3.0
298 2.625
299 2.75
300 2.4
301 2.0
302 1.8333333333333333
303 2.25
304 3.0
305 1.6363636363636365
306 2.375
307 3.5714285714285716
308 1.625
309 2.3333333333333335
310 3.375
311 3.727272727272727
312 2.4
313 2.375
314 3.076923076923077
315 2.1818181818181817
316 2.0
317 2.5454545454545454
318 3.5454545454545454
319 3.076923076923077
320 3.7777777777777777
321 5.0
322 2.3333333333333335
323 4.333333333333333
324 4.642857142857143
325 4.75
326 6.1
327 4.285714285714286
328 3.3636363636363638
329 2.2857142857142856
330 2.4
331 2.4166666666666665
332 2.9
333 3.625
334 2.2
335 2.857142857142857
336 2.6363636363636362
337 1.5
338 2.6875
339 3.4
340 4.666666666666667
341 4.9
342 4.2727272727272725
343 2.6
344 4.166666666666667
345 4.090909090909091
346 6.583333333333333
347 5.166666666666667
348 3.75
349 2.4166666666666665
350 1.9090909090909092
351 2.6666666666666665
352 4.090909090909091
353 2.6666666666666665
354 1.5454545454545454
355 4.428571428571429
356 2.2222222222222223
357 2.75
358 5.5
359 2.5294117647058822
360 3.1818181818181817
361 2.375
362 2.75
363 3.1875
364 2.3
365 3.3333333333333335
366 3.1875
367 2.1666666666666665
368 2.3636363636363638
369 2.5
370 3.3
371 2.5
372 2.5
373 2.6923076923076925
374 4.4
375 5.222222222222222
376 5.0
377 3.0
378 3.9
379 2.2
380 1.5714285714285714
381 3.857142857142857
382 2.75
383 3.2222222222222223
384 2.0
385 1.125
386 1.25
387 2.909090909090909
388 3.7142857142857144
389 2.1818181818181817
390 1.875
391 1.7777777777777777
392 1.5555555555555556
393 1.8
394 2.6
395 2.625
396 4.333333333333333
397 2.0
398 3.0
399 1.1666666666666667
400 1.75
401 3.5714285714285716
402 3.0
403 2.25
404 2.933333333333333
405 3.4166666666666665
406 2.111111111111111
407 3.0
408 1.875
409 1.3333333333333333
410 2.5454545454545454
411 2.7142857142857144
412 3.0
413 1.9
414 1.6666666666666667
415 4.142857142857143
416 2.727272727272727
417 4.142857142857143
418 3.4
419 3.0714285714285716
420 1.5
421 2.142857142857143
422 4.25
423 3.2857142857142856
424 3.357142857142857
425 2.5833333333333335
426 3.5454545454545454
427 2.2857142857142856
428 2.3333333333333335
429 3.3333333333333335
430 3.0833333333333335
431 4.333333333333333
432 3.2
433 3.8181818181818183
434 3.2222222222222223
435 6.5
436 4.571428571428571
437 3.8
438 2.5833333333333335
439 2.0
440 3.25
441 1.0
442 2.5
443 2.25
444 3.3333333333333335
445 2.1666666666666665
446 3.4
447 2.0
448 1.1428571428571428
449 1.5
450 2.111111111111111
451 3.3636363636363638
452 3.1538461538461537
453 2.923076923076923
454 3.3076923076923075
455 3.076923076923077
456 2.25
457 3.111111111111111
458 2.6666666666666665
459 3.4444444444444446
460 3.3846153846153846
461 4.333333333333333
462 1.1666666666666667
463 2.0
464 2.6363636363636362
465 3.4
466 2.2857142857142856
467 1.3333333333333333
468 2.75
469 1.4285714285714286
470 1.8333333333333333
471 2.1
472 2.4545454545454546
473 2.9285714285714284
474 2.466666666666667
475 2.5555555555555554
476 3.4
477 1.5
478 2.2
479 2.5
480 4.166666666666667
481 2.5454545454545454
482 2.7
483 1.7272727272727273
484 1.5
485 3.8181818181818183
486 3.8333333333333335
487 4.0
488 3.7
489 3.4545454545454546
490 2.0
491 1.5
492 4.222222222222222
493 3.272727272727273
494 6.444444444444445
495 3.125
496 1.9
497 2.625
498 2.3333333333333335
499 2.4
500 3.2
501 3.375
502 2.4166666666666665
503 3.5
504 2.25
505 3.0
506 2.5
507 2.9444444444444446
508 2.0
509 3.3125
510 2.5833333333333335
511 3.8
512 1.75
513 3.3636363636363638
514 4.333333333333333
515 2.4615384615384617
516 2.357142857142857
517 2.75
518 2.3636363636363638
519 1.5
520 4.7272727272727275
521 3.4
522 3.272727272727273
523 2.625
524 2.8125
525 2.4285714285714284
526 2.2222222222222223
527 5.357142857142857
528 3.875
529 4.230769230769231
530 4.083333333333333
531 4.466666666666667
532 3.5
533 3.2857142857142856
534 5.25
535 4.166666666666667
536 3.3846153846153846
537 4.647058823529412
538 5.7272727272727275
539 3.5
540 2.6666666666666665
541 4.615384615384615
542 4.266666666666667
543 3.3
544 3.5
545 3.857142857142857
546 2.25
547 5.285714285714286
548 2.125
549 2.5
550 3.142857142857143
551 2.909090909090909
552 3.5
553 1.8888888888888888
554 2.6666666666666665
555 4.083333333333333
556 2.25
557 2.0
558 2.142857142857143
559 2.909090909090909
560 3.0
561 1.2
562 4.571428571428571
563 2.6
564 4.25
565 2.1
566 1.5
567 1.875
568 1.8571428571428572
569 3.5
570 2.2
571 1.5
572 1.6666666666666667
573 2.9285714285714284
574 1.5555555555555556
575 2.0
576 3.0
577 3.5
578 2.9
579 3.4444444444444446
580 2.6
581 2.3333333333333335
582 1.3333333333333333
583 2.3
584 3.1
585 3.0
586 3.0
587 3.5
588 2.4
589 3.0
590 2.6363636363636362
591 2.8461538461538463
592 3.1538461538461537
593 3.066666666666667
594 1.7692307692307692
595 3.125
596 1.5
597 3.6666666666666665
598 3.727272727272727
599 4.384615384615385
600 2.125
601 3.0555555555555554
602 3.5833333333333335
603 2.0
604 3.764705882352941
605 4.25
606 2.5
607 2.5833333333333335
608 3.1333333333333333
609 2.25
610 4.25
611 3.8333333333333335
612 3.7142857142857144
613 2.3333333333333335
614 3.75
615 3.8461538461538463
616 3.3
617 1.9
618 3.5294117647058822
619 4.571428571428571
620 3.7333333333333334
621 3.357142857142857
622 2.6923076923076925
623 4.857142857142857
624 4.2
625 3.1538461538461537
626 2.6363636363636362
627 2.3333333333333335
628 2.6666666666666665
629 3.0
630 1.8333333333333333
631 3.0
632 3.4615384615384617
633 3.5
634 2.9
635 4.571428571428571
636 2.8125
637 2.0
638 1.9230769230769231
639 3.5384615384615383
640 4.083333333333333
641 4.545454545454546
642 3.1333333333333333
643 4.0
644 2.6666666666666665
645 4.545454545454546
646 5.076923076923077
647 3.75
648 4.222222222222222
649 3.769230769230769
650 3.625
651 2.125
652 2.5
653 3.5
654 2.111111111111111
655 2.142857142857143
656 3.4545454545454546
657 2.6
658 2.3333333333333335
659 1.8571428571428572
660 3.5
661 2.8461538461538463
662 3.3333333333333335
663 3.909090909090909
664 1.7272727272727273
665 2.3333333333333335
666 1.625
667 2.3076923076923075
668 4.0
669 3.2
670 3.2857142857142856
671 2.7777777777777777
672 2.857142857142857
673 1.625
674 3.2666666666666666
675 3.4375
676 1.7777777777777777
677 3.230769230769231
678 4.75
679 2.888888888888889
680 1.625
681 2.5
682 4.153846153846154
683 3.3
684 4.076923076923077
685 3.3333333333333335
686 2.125
687 2.2
688 3.25
689 2.5714285714285716
690 2.8333333333333335
691 3.25
692 2.5
693 1.875
694 1.8888888888888888
695 3.5
696 4.384615384615385
697 3.4285714285714284
698 3.2
699 2.7
700 3.0
701 3.3636363636363638
702 5.25
703 3.6
704 4.3076923076923075
705 3.1538461538461537
706 2.8461538461538463
707 2.142857142857143
708 4.0
709 3.625
710 3.25
711 3.090909090909091
712 3.875
713 1.4444444444444444
714 3.2
715 1.8571428571428572
716 1.4545454545454546
717 1.6666666666666667
718 2.0
719 2.0
720 1.375
721 1.25
722 2.0
723 2.2
724 3.0
725 3.0
726 2.6666666666666665
727 1.3333333333333333
728 1.6
729 1.4285714285714286
730 2.0
731 1.6
732 2.8461538461538463
733 1.75
734 2.909090909090909
735 1.875
736 4.4
737 3.3333333333333335
738 1.9090909090909092
739 3.142857142857143
740 2.4545454545454546
741 3.142857142857143
742 1.75
743 1.5
744 2.857142857142857
745 2.923076923076923
746 2.4
747 2.230769230769231
748 2.5555555555555554
749 1.75
750 2.7777777777777777
751 3.1875
752 2.7777777777777777
753 3.466666666666667
754 3.2857142857142856
755 3.4
756 2.0
757 2.5555555555555554
758 1.5555555555555556
759 4.666666666666667
760 3.1818181818181817
761 2.4
762 2.8181818181818183
763 2.25
764 3.1
765 2.8461538461538463
766 2.272727272727273
767 3.076923076923077
768 3.1666666666666665
769 3.25
770 1.1666666666666667
771 2.8333333333333335
772 3.142857142857143
773 4.090909090909091
774 3.3076923076923075
775 4.0
776 2.933333333333333
777 1.9090909090909092
778 4.4
779 2.6
780 2.1818181818181817
781 3.090909090909091
782 1.8571428571428572
783 2.375
784 2.0
785 2.923076923076923
786 2.769230769230769
787 3.888888888888889
788 1.875
789 3.5833333333333335
790 1.9090909090909092
791 2.4444444444444446
792 3.7777777777777777
793 3.0833333333333335
794 2.727272727272727
795 3.25
796 3.0
797 4.0
798 3.5
799 3.6
800 5.083333333333333
801 3.9166666666666665
802 3.8666666666666667
803 3.6923076923076925
804 3.0
805 2.5
806 4.066666666666666
807 2.875
808 2.75
809 2.75
810 2.4
811 2.888888888888889
812 2.0
813 2.5
814 4.111111111111111
815 3.3333333333333335
816 3.0
817 3.7
818 2.3333333333333335
819 2.5
820 2.3333333333333335
821 2.4444444444444446
822 2.111111111111111
823 1.6666666666666667
824 2.7777777777777777
825 4.5
826 2.4285714285714284
827 4.75
828 3.0
829 3.6923076923076925
830 3.0
831 2.6
832 3.2
833 2.0
834 3.142857142857143
835 4.6875
836 3.2
837 4.533333333333333
838 2.7142857142857144
839 3.0
840 3.0
841 3.857142857142857
842 7.555555555555555
843 3.4444444444444446
844 3.533333333333333
845 3.8181818181818183
846 2.4166666666666665
847 3.2
848 2.642857142857143
849 2.5384615384615383
850 2.857142857142857
851 3.5
852 1.6
853 1.3333333333333333
854 5.166666666666667
855 3.5714285714285716
856 2.0
857 2.1666666666666665
858 1.8333333333333333
859 1.6666666666666667
860 1.5
861 1.75
862 2.0
863 1.75
864 3.25
865 6.166666666666667
866 2.125
867 2.0
868 2.3333333333333335
869 3.5555555555555554
870 2.2222222222222223
871 2.272727272727273
872 1.75
873 1.3333333333333333
874 2.0833333333333335
875 2.5
876 3.8333333333333335
877 3.0
878 3.5
879 2.75
880 3.3636363636363638
881 1.8
882 1.2857142857142858
883 1.4285714285714286
884 3.3333333333333335
885 1.625
886 2.142857142857143
887 2.4
888 1.75
889 3.1666666666666665
890 3.4285714285714284
891 3.4615384615384617
892 4.583333333333333
893 2.8
894 2.8333333333333335
895 2.9
896 3.4
897 3.5384615384615383
898 4.0
899 4.266666666666667
900 2.8
901 3.3333333333333335
902 1.9166666666666667
903 2.3
904 2.6
905 3.272727272727273
906 3.7777777777777777
907 4.0
908 3.5454545454545454
909 3.0
910 4.8
911 2.642857142857143
912 3.823529411764706
913 3.3333333333333335
914 4.818181818181818
915 4.333333333333333
916 5.571428571428571
917 3.375
918 4.909090909090909
919 3.6666666666666665
920 4.625
921 2.125
922 5.0
923 11.333333333333334
924 2.8333333333333335
925 1.3333333333333333
926 3.5
927 1.7142857142857142
928 1.5
929 2.142857142857143
930 4.0
931 1.0
932 1.8
933 2.857142857142857
934 2.0
935 1.0
936 2.0
937 4.0
938 2.6666666666666665
939 2.25
940 1.4
941 3.5
942 8.0
943 0
