1 29
2 19
3 5
4 30
5 2
6 9
7 20
8 10
9 18
10 17
11 7
12 10
13 6
14 8
15 14
16 10
17 16
18 11
19 9
20 13
21 26
22 9
23 2
24 11
25 11
26 18
27 22
28 11
29 7
30 14
31 7
32 18
33 13
34 13
35 9
36 13
37 5
38 12
39 18
40 12
41 13
42 12
43 2
44 3
45 2
46 11
47 15
48 12
49 10
50 10
51 15
52 11
53 14
54 10
55 5
56 14
57 11
58 15
59 3
60 8
61 2
62 10
63 3
64 3
65 2
66 17
67 2
68 12
69 14
70 2
71 19
72 15
73 11
74 9
75 11
76 12
77 5
78 2
79 11
80 7
81 8
82 10
83 13
84 8
85 2
86 10
87 9
88 12
89 8
90 9
91 10
92 18
93 15
94 6
95 12
96 13
97 2
98 2
99 6
100 3
101 5
102 2
103 2
104 10
105 2
106 2
107 4
108 7
109 2
110 7
111 9
112 5
113 2
114 11
115 10
116 9
117 4
118 11
119 3
120 8
121 2
122 7
123 3
124 2
125 6
126 8
127 9
128 11
129 13
130 2
131 7
132 2
133 3
134 4
135 2
136 2
137 2
138 2
139 3
140 4
141 2
142 3
143 3
144 4
145 4
146 3
147 3
148 2
149 2
150 10
151 19
152 5
153 3
154 7
155 13
156 11
157 2
158 3
159 2
160 12
