0 0
1 0
2 0
3 0
4 0
5 0
6 2.0
7 2.0
8 0
9 0
10 2.0
11 2.5
12 2.5
13 0
14 2.5
15 2.0
16 2.0
17 3.0
18 0
19 2.0
20 3.5
21 0
22 2.5
23 2.0
24 3.0
25 2.5
26 2.0
27 2.6666666666666665
28 2.3333333333333335
29 2.3333333333333335
30 2.0
31 4.0
32 3.0
33 2.5
34 3.3333333333333335
35 3.5
36 3.5
37 3.0
38 3.25
39 3.75
40 3.25
41 3.6
42 2.5
43 5.333333333333333
44 3.3333333333333335
45 4.0
46 4.666666666666667
47 3.6
48 3.5
49 2.3333333333333335
50 2.0
51 2.6666666666666665
52 2.5
53 2.8
54 4.0
55 2.0
56 3.0
57 3.6666666666666665
58 2.5
59 3.3333333333333335
60 2.3333333333333335
61 4.25
62 2.0
63 3.0
64 2.5
65 2.5
66 2.6
67 4.333333333333333
68 4.5
69 3.5
70 4.0
71 4.0
72 2.0
73 2.0
74 3.3333333333333335
75 2.5
76 2.0
77 0
78 3.0
79 2.0
80 3.6666666666666665
81 3.5
82 4.5
83 2.3333333333333335
84 2.0
85 3.6666666666666665
86 3.0
87 2.0
88 3.6
89 4.25
90 4.25
91 2.25
92 2.0
93 3.0
94 3.0
95 3.0
96 4.333333333333333
97 3.5
98 3.5
99 2.0
100 3.0
101 3.3333333333333335
102 2.3333333333333335
103 5.0
104 2.5
105 3.5
106 3.0
107 2.0
108 4.0
109 5.0
110 3.0
111 4.333333333333333
112 7.5
113 6.333333333333333
114 6.25
115 4.75
116 6.4
117 5.4
118 3.0
119 4.25
120 2.3333333333333335
121 3.4
122 4.5
123 3.0
124 3.25
125 3.25
126 3.5
127 5.0
128 2.6666666666666665
129 4.5
130 2.0
131 3.6666666666666665
132 2.3333333333333335
133 2.5
134 3.0
135 3.6666666666666665
136 3.0
137 3.3333333333333335
138 2.75
139 3.4
140 2.6666666666666665
141 3.0
142 3.75
143 4.0
144 5.0
145 3.0
146 3.3333333333333335
147 3.0
148 4.0
149 3.5
150 3.0
151 3.0
152 3.0
153 4.333333333333333
154 2.6666666666666665
155 3.0
156 2.0
157 2.0
158 3.6666666666666665
159 5.0
160 2.6666666666666665
161 3.0
162 7.0
163 4.0
164 4.0
165 2.6666666666666665
166 4.0
167 3.6
168 4.5
169 2.6666666666666665
170 4.0
171 6.0
172 3.6
173 4.666666666666667
174 6.333333333333333
175 2.75
176 3.5
177 3.6666666666666665
178 3.0
179 2.8
180 4.0
181 4.666666666666667
182 2.6666666666666665
183 4.5
184 2.0
185 3.5
186 3.3333333333333335
187 3.25
188 3.0
189 3.3333333333333335
190 3.0
191 3.5
192 3.5
193 3.6666666666666665
194 2.25
195 3.6666666666666665
196 3.0
197 3.0
198 3.5
199 3.25
200 2.6666666666666665
201 3.5
202 4.333333333333333
203 2.0
204 2.0
205 2.75
206 3.0
207 5.5
208 4.0
209 3.5
210 2.25
211 3.5
212 2.5
213 3.3333333333333335
214 2.0
215 2.0
216 4.0
217 2.5
218 2.0
219 5.0
220 2.0
221 3.3333333333333335
222 3.25
223 2.5
224 3.5
225 3.5
226 0
227 2.25
228 0
229 2.0
230 2.0
231 2.5
232 4.0
233 2.0
234 3.0
235 0
236 2.0
237 4.0
238 4.333333333333333
239 2.0
240 2.0
241 2.5
242 2.5
243 2.0
244 2.0
245 3.0
246 3.0
247 2.5
248 4.0
249 3.5
250 4.0
251 3.0
252 2.0
253 2.0
254 4.0
255 2.75
256 3.0
257 4.0
258 7.0
259 3.0
260 0
261 3.0
262 2.0
263 3.0
264 4.0
265 2.0
266 2.3333333333333335
267 2.0
268 2.5
269 2.0
270 2.3333333333333335
271 6.0
272 2.0
273 2.0
274 3.0
275 2.5
276 2.3333333333333335
277 2.6666666666666665
278 2.0
279 2.5
280 2.6666666666666665
281 2.0
282 2.3333333333333335
283 4.5
284 4.666666666666667
285 3.75
286 4.75
287 3.5
288 3.0
289 2.6666666666666665
290 3.3333333333333335
291 2.0
292 2.5
293 2.6666666666666665
294 4.5
295 3.5
296 3.0
297 4.0
298 2.0
299 3.0
300 3.0
301 2.0
302 2.5
303 3.0
304 3.0
305 2.5
306 3.0
307 5.0
308 2.5
309 0
310 3.3333333333333335
311 4.5
312 3.0
313 3.5
314 3.6666666666666665
315 3.0
316 3.0
317 2.25
318 3.3333333333333335
319 3.5
320 4.0
321 4.75
322 4.333333333333333
323 4.5
324 5.5
325 4.666666666666667
326 5.666666666666667
327 3.0
328 3.5
329 2.0
330 3.0
331 2.5
332 4.0
333 3.25
334 2.3333333333333335
335 2.75
336 4.0
337 2.0
338 3.0
339 3.3333333333333335
340 3.0
341 4.666666666666667
342 5.5
343 3.5
344 4.5
345 3.5
346 4.8
347 4.666666666666667
348 3.5
349 3.0
350 2.0
351 2.0
352 2.75
353 3.25
354 2.5
355 3.5
356 2.6666666666666665
357 4.666666666666667
358 3.0
359 3.0
360 4.333333333333333
361 2.5
362 3.5
363 4.75
364 3.0
365 5.0
366 2.5
367 3.0
368 3.0
369 2.6666666666666665
370 5.0
371 3.3333333333333335
372 2.0
373 2.3333333333333335
374 4.666666666666667
375 8.0
376 6.666666666666667
377 5.0
378 3.5
379 3.0
380 0
381 3.25
382 3.8
383 2.5
384 2.5
385 2.0
386 2.0
387 3.0
388 4.0
389 3.0
390 2.0
391 3.0
392 2.75
393 2.0
394 3.6666666666666665
395 2.0
396 0
397 2.0
398 3.0
399 2.0
400 3.0
401 3.0
402 3.25
403 2.75
404 3.8
405 3.6
406 3.6666666666666665
407 0
408 3.0
409 2.0
410 4.0
411 4.5
412 3.0
413 2.5
414 2.3333333333333335
415 4.5
416 3.25
417 5.25
418 4.0
419 4.0
420 2.0
421 4.0
422 3.5
423 3.25
424 3.75
425 2.0
426 4.0
427 4.0
428 2.5
429 3.25
430 4.5
431 2.0
432 2.75
433 3.25
434 3.6666666666666665
435 6.0
436 4.0
437 3.6666666666666665
438 3.0
439 3.3333333333333335
440 4.0
441 2.0
442 3.0
443 2.0
444 3.3333333333333335
445 3.0
446 2.5
447 2.0
448 2.0
449 2.0
450 2.3333333333333335
451 3.3333333333333335
452 3.5
453 3.75
454 3.5
455 4.25
456 2.6666666666666665
457 5.0
458 4.0
459 3.0
460 3.25
461 4.25
462 2.0
463 2.5
464 2.75
465 2.5
466 3.5
467 2.0
468 3.5
469 2.0
470 2.5
471 2.25
472 3.0
473 2.75
474 3.25
475 4.0
476 4.0
477 0
478 2.3333333333333335
479 2.0
480 2.5
481 3.0
482 2.25
483 2.5
484 0
485 5.0
486 3.6666666666666665
487 5.0
488 4.666666666666667
489 3.5
490 3.6666666666666665
491 2.0
492 4.0
493 3.25
494 4.333333333333333
495 3.0
496 3.5
497 3.5
498 2.0
499 2.5
500 2.6666666666666665
501 3.5
502 3.3333333333333335
503 3.0
504 3.3333333333333335
505 3.0
506 2.0
507 3.2
508 2.0
509 3.2
510 3.0
511 4.0
512 3.0
513 2.5
514 3.6666666666666665
515 2.5
516 3.0
517 3.25
518 3.0
519 2.0
520 3.5
521 3.0
522 3.75
523 3.25
524 3.0
525 4.0
526 3.3333333333333335
527 5.5
528 4.6
529 4.0
530 5.0
531 6.0
532 5.0
533 2.6666666666666665
534 5.0
535 5.5
536 4.5
537 4.2
538 4.25
539 4.0
540 6.0
541 4.333333333333333
542 5.2
543 3.3333333333333335
544 4.333333333333333
545 5.666666666666667
546 2.0
547 5.0
548 2.0
549 3.0
550 4.0
551 2.5
552 5.0
553 3.3333333333333335
554 2.5
555 2.75
556 3.0
557 2.0
558 2.6666666666666665
559 3.25
560 3.6666666666666665
561 2.5
562 4.75
563 3.0
564 5.0
565 2.6666666666666665
566 2.0
567 2.5
568 2.0
569 2.0
570 2.5
571 2.0
572 3.0
573 4.25
574 2.0
575 0
576 5.0
577 2.0
578 3.75
579 2.6666666666666665
580 3.5
581 2.5
582 2.0
583 3.0
584 3.5
585 2.75
586 3.3333333333333335
587 3.75
588 2.0
589 2.6666666666666665
590 2.3333333333333335
591 4.0
592 4.333333333333333
593 3.25
594 2.75
595 4.0
596 2.0
597 3.3333333333333335
598 4.333333333333333
599 4.25
600 3.3333333333333335
601 3.75
602 3.6666666666666665
603 0
604 4.25
605 4.75
606 2.5
607 5.0
608 2.75
609 3.3333333333333335
610 3.5
611 3.3333333333333335
612 3.25
613 3.0
614 4.0
615 3.5
616 3.3333333333333335
617 2.0
618 4.75
619 4.75
620 5.5
621 4.25
622 3.5
623 5.5
624 3.0
625 4.75
626 3.5
627 3.0
628 4.0
629 4.333333333333333
630 2.0
631 2.0
632 3.25
633 3.3333333333333335
634 5.0
635 5.25
636 4.25
637 2.3333333333333335
638 3.0
639 3.0
640 5.666666666666667
641 5.333333333333333
642 3.4
643 4.5
644 4.5
645 6.333333333333333
646 4.2
647 4.666666666666667
648 5.0
649 4.0
650 4.333333333333333
651 3.0
652 2.5
653 2.0
654 2.6666666666666665
655 2.0
656 6.5
657 3.0
658 4.0
659 2.5
660 3.5
661 4.0
662 2.6666666666666665
663 3.0
664 3.0
665 3.3333333333333335
666 2.0
667 3.0
668 4.5
669 5.0
670 5.0
671 4.0
672 6.0
673 2.0
674 2.75
675 3.6
676 2.0
677 9.0
678 3.0
679 3.0
680 2.3333333333333335
681 2.0
682 3.0
683 2.3333333333333335
684 4.0
685 4.0
686 3.0
687 2.0
688 2.3333333333333335
689 3.8
690 3.3333333333333335
691 4.5
692 3.5
693 3.0
694 2.5
695 3.6666666666666665
696 5.75
697 3.5
698 4.2
699 2.5
700 3.6666666666666665
701 3.2
702 4.5
703 2.75
704 5.0
705 3.5
706 4.333333333333333
707 2.3333333333333335
708 3.5
709 4.4
710 4.0
711 2.6666666666666665
712 3.2
713 2.5
714 2.0
715 2.0
716 2.3333333333333335
717 2.5
718 2.0
719 3.0
720 2.0
721 2.0
722 2.5
723 3.0
724 3.0
725 3.8
726 4.5
727 0
728 3.0
729 2.0
730 2.0
731 2.5
732 3.25
733 0
734 4.0
735 2.3333333333333335
736 4.0
737 6.0
738 2.5
739 3.0
740 3.5
741 2.5
742 2.0
743 0
744 3.0
745 2.5
746 3.0
747 2.0
748 3.5
749 3.0
750 3.0
751 3.8
752 3.3333333333333335
753 4.5
754 4.333333333333333
755 3.0
756 2.0
757 2.5
758 2.0
759 2.6666666666666665
760 4.0
761 2.0
762 2.3333333333333335
763 2.6666666666666665
764 2.0
765 2.0
766 2.0
767 3.2
768 4.0
769 3.25
770 2.0
771 3.0
772 4.25
773 3.0
774 2.6666666666666665
775 2.5
776 3.0
777 3.0
778 5.0
779 2.6666666666666665
780 2.75
781 4.0
782 2.0
783 2.0
784 2.5
785 2.6666666666666665
786 3.0
787 3.3333333333333335
788 3.5
789 3.3333333333333335
790 2.3333333333333335
791 3.6666666666666665
792 4.0
793 3.0
794 3.0
795 4.333333333333333
796 3.25
797 6.0
798 4.333333333333333
799 3.25
800 4.5
801 5.5
802 4.2
803 4.0
804 3.0
805 4.0
806 3.6
807 3.0
808 3.75
809 3.0
810 3.0
811 4.0
812 3.5
813 3.0
814 4.5
815 4.666666666666667
816 3.25
817 5.0
818 3.5
819 4.0
820 4.0
821 2.0
822 2.0
823 2.6666666666666665
824 2.5
825 5.0
826 3.3333333333333335
827 3.5
828 2.3333333333333335
829 4.0
830 3.0
831 2.6666666666666665
832 4.5
833 3.25
834 3.0
835 4.8
836 3.6
837 6.0
838 3.0
839 6.0
840 3.6666666666666665
841 4.4
842 5.666666666666667
843 5.4
844 4.4
845 3.75
846 3.5
847 6.0
848 3.2
849 3.25
850 3.3333333333333335
851 3.6666666666666665
852 2.0
853 2.0
854 3.5
855 2.5
856 2.0
857 2.75
858 2.5
859 2.0
860 2.5
861 2.5
862 6.0
863 2.0
864 2.5
865 5.0
866 2.5
867 3.0
868 3.0
869 5.0
870 2.3333333333333335
871 2.3333333333333335
872 2.0
873 2.0
874 2.75
875 3.0
876 3.0
877 2.0
878 3.5
879 3.5
880 3.5
881 0
882 2.0
883 0
884 4.0
885 2.0
886 2.6
887 2.0
888 2.5
889 6.0
890 2.0
891 4.333333333333333
892 6.0
893 3.75
894 3.0
895 2.75
896 4.0
897 3.25
898 4.5
899 4.333333333333333
900 3.5
901 3.0
902 2.5
903 3.0
904 2.5
905 3.0
906 3.0
907 4.5
908 4.333333333333333
909 4.333333333333333
910 5.0
911 2.8
912 4.0
913 3.5
914 2.75
915 4.5
916 5.333333333333333
917 4.666666666666667
918 3.5
919 5.0
920 3.3333333333333335
921 2.5
922 3.6666666666666665
923 8.0
924 3.0
925 2.0
926 0
927 3.0
928 2.0
929 2.0
930 0
931 0
932 3.0
933 3.3333333333333335
934 3.0
935 2.0
936 0
937 3.0
938 3.5
939 2.0
940 2.0
941 6.0
942 0
943 0
