0 0
1 0
2 0
3 0
4 0
5 0
6 1
7 1
8 0
9 0
10 1
11 2
12 2
13 0
14 2
15 3
16 1
17 3
18 0
19 1
20 2
21 0
22 2
23 2
24 2
25 2
26 1
27 3
28 3
29 3
30 1
31 4
32 4
33 2
34 3
35 2
36 4
37 1
38 4
39 4
40 4
41 5
42 4
43 3
44 3
45 3
46 3
47 5
48 4
49 3
50 2
51 3
52 4
53 5
54 1
55 1
56 2
57 3
58 2
59 3
60 3
61 4
62 3
63 4
64 4
65 4
66 5
67 3
68 4
69 4
70 1
71 2
72 2
73 2
74 3
75 2
76 1
77 0
78 1
79 1
80 3
81 4
82 4
83 3
84 3
85 3
86 2
87 3
88 5
89 4
90 4
91 4
92 1
93 3
94 2
95 3
96 3
97 4
98 2
99 2
100 1
101 3
102 3
103 2
104 2
105 2
106 1
107 1
108 3
109 3
110 4
111 3
112 2
113 3
114 4
115 4
116 5
117 5
118 2
119 4
120 3
121 5
122 4
123 1
124 4
125 4
126 4
127 2
128 3
129 2
130 2
131 3
132 3
133 2
134 2
135 3
136 2
137 3
138 4
139 5
140 3
141 2
142 4
143 4
144 2
145 3
146 3
147 3
148 2
149 2
150 3
151 4
152 3
153 3
154 3
155 3
156 1
157 4
158 3
159 5
160 3
161 3
162 1
163 3
164 4
165 3
166 5
167 5
168 4
169 3
170 4
171 2
172 5
173 3
174 3
175 4
176 2
177 3
178 4
179 5
180 1
181 3
182 3
183 2
184 1
185 4
186 3
187 4
188 3
189 3
190 3
191 4
192 2
193 3
194 4
195 3
196 2
197 1
198 2
199 4
200 3
201 4
202 3
203 3
204 1
205 4
206 4
207 2
208 2
209 2
210 4
211 2
212 2
213 3
214 2
215 1
216 4
217 2
218 2
219 1
220 2
221 3
222 4
223 2
224 2
225 2
226 0
227 4
228 0
229 1
230 1
231 4
232 1
233 1
234 1
235 0
236 1
237 4
238 3
239 1
240 1
241 2
242 2
243 1
244 2
245 1
246 1
247 2
248 3
249 2
250 2
251 3
252 2
253 1
254 2
255 4
256 1
257 2
258 1
259 2
260 0
261 1
262 1
263 1
264 1
265 2
266 3
267 1
268 4
269 1
270 3
271 1
272 3
273 4
274 1
275 2
276 3
277 3
278 1
279 2
280 3
281 1
282 3
283 4
284 3
285 4
286 4
287 2
288 2
289 3
290 3
291 3
292 2
293 3
294 2
295 2
296 1
297 3
298 1
299 2
300 3
301 1
302 2
303 1
304 1
305 2
306 1
307 1
308 2
309 0
310 3
311 2
312 3
313 2
314 3
315 3
316 1
317 4
318 3
319 4
320 3
321 4
322 3
323 2
324 4
325 3
326 3
327 2
328 4
329 1
330 1
331 2
332 3
333 4
334 3
335 4
336 2
337 1
338 5
339 3
340 3
341 3
342 4
343 4
344 2
345 4
346 5
347 3
348 4
349 2
350 3
351 1
352 4
353 4
354 4
355 2
356 3
357 3
358 1
359 5
360 3
361 2
362 2
363 4
364 3
365 1
366 4
367 3
368 3
369 3
370 3
371 3
372 1
373 3
374 3
375 2
376 3
377 4
378 4
379 2
380 0
381 4
382 5
383 2
384 2
385 3
386 2
387 2
388 1
389 3
390 3
391 2
392 4
393 1
394 3
395 1
396 0
397 1
398 2
399 2
400 1
401 1
402 4
403 4
404 5
405 5
406 3
407 0
408 1
409 1
410 2
411 2
412 2
413 4
414 3
415 4
416 4
417 4
418 5
419 3
420 1
421 2
422 4
423 4
424 4
425 2
426 3
427 2
428 2
429 4
430 4
431 2
432 4
433 4
434 3
435 1
436 3
437 3
438 4
439 3
440 1
441 1
442 2
443 1
444 3
445 2
446 2
447 2
448 2
449 1
450 3
451 3
452 4
453 4
454 4
455 4
456 3
457 2
458 2
459 3
460 4
461 4
462 1
463 2
464 4
465 2
466 2
467 1
468 2
469 2
470 2
471 4
472 3
473 4
474 4
475 2
476 3
477 0
478 3
479 3
480 2
481 3
482 4
483 4
484 0
485 2
486 3
487 2
488 3
489 4
490 3
491 1
492 3
493 4
494 3
495 2
496 2
497 2
498 1
499 2
500 3
501 2
502 3
503 1
504 3
505 2
506 2
507 5
508 3
509 5
510 3
511 4
512 1
513 4
514 3
515 4
516 4
517 4
518 4
519 1
520 4
521 3
522 4
523 4
524 4
525 2
526 3
527 4
528 5
529 4
530 3
531 4
532 4
533 3
534 4
535 2
536 4
537 5
538 4
539 3
540 1
541 3
542 5
543 3
544 3
545 3
546 1
547 3
548 3
549 3
550 1
551 2
552 2
553 3
554 2
555 4
556 2
557 2
558 3
559 4
560 3
561 2
562 4
563 1
564 1
565 3
566 1
567 2
568 3
569 2
570 2
571 2
572 2
573 4
574 3
575 0
576 3
577 1
578 4
579 3
580 4
581 2
582 1
583 2
584 2
585 4
586 3
587 4
588 2
589 3
590 3
591 4
592 3
593 4
594 4
595 3
596 1
597 3
598 3
599 4
600 3
601 4
602 3
603 0
604 4
605 4
606 4
607 2
608 4
609 3
610 2
611 3
612 4
613 3
614 3
615 4
616 3
617 3
618 4
619 4
620 4
621 4
622 4
623 2
624 1
625 4
626 2
627 3
628 3
629 3
630 1
631 1
632 4
633 3
634 2
635 4
636 4
637 3
638 4
639 3
640 3
641 3
642 5
643 4
644 4
645 3
646 5
647 3
648 2
649 4
650 3
651 2
652 2
653 2
654 3
655 2
656 2
657 1
658 3
659 2
660 2
661 3
662 3
663 4
664 3
665 3
666 2
667 4
668 2
669 1
670 1
671 1
672 1
673 1
674 4
675 5
676 1
677 1
678 1
679 3
680 3
681 3
682 4
683 3
684 4
685 3
686 2
687 1
688 3
689 5
690 3
691 2
692 4
693 3
694 2
695 3
696 4
697 2
698 5
699 4
700 3
701 5
702 2
703 4
704 4
705 4
706 3
707 3
708 2
709 5
710 5
711 3
712 5
713 2
714 1
715 2
716 3
717 2
718 2
719 3
720 3
721 2
722 2
723 3
724 2
725 5
726 2
727 0
728 1
729 1
730 1
731 2
732 4
733 0
734 3
735 3
736 2
737 1
738 2
739 1
740 2
741 2
742 1
743 0
744 4
745 4
746 5
747 3
748 2
749 3
750 3
751 5
752 3
753 4
754 3
755 2
756 2
757 4
758 1
759 3
760 3
761 1
762 3
763 3
764 1
765 4
766 4
767 5
768 3
769 4
770 3
771 1
772 4
773 3
774 3
775 2
776 4
777 3
778 3
779 3
780 4
781 2
782 2
783 1
784 2
785 3
786 3
787 3
788 4
789 3
790 3
791 3
792 3
793 4
794 4
795 3
796 4
797 1
798 3
799 4
800 4
801 4
802 5
803 3
804 4
805 2
806 5
807 3
808 4
809 4
810 1
811 3
812 2
813 2
814 2
815 3
816 4
817 3
818 2
819 2
820 2
821 1
822 2
823 3
824 2
825 2
826 3
827 2
828 3
829 3
830 2
831 3
832 2
833 4
834 2
835 5
836 5
837 3
838 5
839 2
840 3
841 5
842 3
843 5
844 5
845 4
846 4
847 1
848 5
849 4
850 3
851 3
852 2
853 1
854 2
855 2
856 2
857 4
858 4
859 2
860 2
861 2
862 1
863 2
864 2
865 2
866 2
867 2
868 2
869 3
870 3
871 3
872 2
873 1
874 4
875 1
876 1
877 2
878 2
879 4
880 2
881 0
882 2
883 0
884 2
885 1
886 5
887 2
888 2
889 1
890 1
891 3
892 3
893 4
894 4
895 4
896 4
897 4
898 4
899 3
900 4
901 5
902 4
903 3
904 2
905 3
906 2
907 4
908 3
909 3
910 2
911 5
912 5
913 2
914 4
915 4
916 3
917 3
918 4
919 4
920 3
921 2
922 3
923 1
924 2
925 1
926 0
927 2
928 1
929 1
930 0
931 0
932 2
933 3
934 2
935 1
936 0
937 1
938 2
939 2
940 2
941 1
942 0
943 0
