0 0
1 5.0
2 5.5
3 8.0
4 6.0
5 0
6 0
7 4.0
8 0
9 5.5
10 5.666666666666667
11 6.0
12 0
13 4.0
14 5.5
15 5.333333333333333
16 5.5
17 5.333333333333333
18 5.0
19 0
20 3.0
21 4.5
22 3.5
23 4.75
24 4.0
25 3.0
26 0
27 7.5
28 3.0
29 5.0
30 5.666666666666667
31 5.25
32 4.333333333333333
33 0
34 4.666666666666667
35 9.333333333333334
36 6.0
37 6.0
38 6.666666666666667
39 8.5
40 0
41 5.5
42 6.75
43 5.666666666666667
44 6.333333333333333
45 7.666666666666667
46 5.0
47 0
48 4.333333333333333
49 7.75
50 12.666666666666666
51 6.333333333333333
52 6.25
53 4.333333333333333
54 7.0
55 4.333333333333333
56 5.8
57 6.5
58 5.6
59 7.333333333333333
60 6.333333333333333
61 0
62 5.666666666666667
63 8.333333333333334
64 4.333333333333333
65 7.666666666666667
66 6.5
67 6.0
68 3.0
69 4.5
70 5.5
71 9.0
72 6.666666666666667
73 8.0
74 11.0
75 4.0
76 6.0
77 6.25
78 6.75
79 5.75
80 5.75
81 5.0
82 3.0
83 5.5
84 6.666666666666667
85 5.6
86 5.8
87 7.75
88 4.5
89 4.0
90 4.666666666666667
91 8.0
92 7.5
93 4.75
94 5.0
95 5.0
96 9.0
97 6.25
98 8.666666666666666
99 7.25
100 6.0
101 7.666666666666667
102 4.0
103 0
104 5.25
105 6.5
106 6.0
107 4.0
108 8.0
109 10.0
110 0
111 4.8
112 6.75
113 7.0
114 4.8
115 6.0
116 5.5
117 4.0
118 5.4
119 7.0
120 6.0
121 4.75
122 7.0
123 3.3333333333333335
124 4.0
125 4.75
126 5.75
127 5.6
128 5.8
129 6.5
130 6.333333333333333
131 3.0
132 4.0
133 7.0
134 6.25
135 6.666666666666667
136 13.0
137 5.0
138 5.0
139 8.666666666666666
140 5.75
141 6.0
142 5.0
143 7.0
144 6.0
145 0
146 6.5
147 7.333333333333333
148 5.4
149 5.8
150 6.75
151 4.666666666666667
152 5.0
153 6.0
154 7.5
155 7.8
156 13.0
157 9.666666666666666
158 7.333333333333333
159 5.5
160 5.5
161 8.666666666666666
162 7.25
163 5.5
164 6.333333333333333
165 6.0
166 0
167 4.75
168 9.25
169 8.2
170 6.5
171 6.0
172 5.5
173 3.0
174 4.5
175 7.333333333333333
176 5.2
177 5.0
178 5.333333333333333
179 5.333333333333333
180 7.0
181 4.75
182 7.4
183 7.25
184 5.0
185 6.25
186 3.0
187 8.0
188 7.5
189 6.75
190 6.0
191 5.8
192 6.75
193 4.333333333333333
194 6.0
195 4.75
196 6.25
197 9.666666666666666
198 8.25
199 5.0
200 6.0
201 4.0
202 5.0
203 5.0
204 6.25
205 5.5
206 7.666666666666667
207 3.0
208 8.0
209 6.25
210 7.666666666666667
211 5.8
212 6.0
213 6.333333333333333
214 4.0
215 3.0
216 8.333333333333334
217 8.5
218 5.8
219 6.0
220 6.0
221 4.333333333333333
222 4.0
223 4.333333333333333
224 6.0
225 7.666666666666667
226 7.0
227 8.0
228 4.0
229 5.0
230 6.25
231 6.25
232 7.75
233 5.75
234 6.0
235 6.0
236 5.0
237 5.25
238 7.25
239 5.0
240 5.75
241 5.333333333333333
242 6.5
243 0
244 5.666666666666667
245 6.5
246 6.5
247 7.0
248 6.333333333333333
249 6.0
250 4.0
251 4.75
252 6.25
253 6.5
254 5.25
255 6.666666666666667
256 6.0
257 0
258 5.5
259 7.5
260 4.75
261 7.666666666666667
262 5.666666666666667
263 5.0
264 5.0
265 5.75
266 6.8
267 5.75
268 6.0
269 7.666666666666667
270 5.0
271 0
272 7.666666666666667
273 8.666666666666666
274 6.25
275 6.75
276 6.0
277 4.333333333333333
278 4.0
279 5.2
280 6.8
281 5.0
282 6.75
283 5.333333333333333
284 6.5
285 3.0
286 4.25
287 7.75
288 5.0
289 5.666666666666667
290 7.0
291 3.0
292 6.0
293 6.0
294 4.666666666666667
295 7.0
296 6.4
297 5.5
298 4.0
299 5.5
300 5.0
301 6.6
302 4.75
303 5.25
304 6.666666666666667
305 0
306 0
307 6.0
308 6.666666666666667
309 9.666666666666666
310 5.25
311 6.333333333333333
312 0
313 3.0
314 5.666666666666667
315 6.5
316 8.0
317 6.25
318 3.5
319 4.0
320 5.0
321 7.0
322 6.0
323 6.8
324 6.6
325 7.0
326 7.0
327 4.0
328 5.333333333333333
329 5.666666666666667
330 5.5
331 7.75
332 4.75
333 4.0
334 7.0
335 5.5
336 5.333333333333333
337 5.75
338 7.5
339 7.0
340 0
341 0
342 6.2
343 6.0
344 6.666666666666667
345 7.25
346 5.666666666666667
347 0
348 3.0
349 5.4
350 5.25
351 6.5
352 5.25
353 5.666666666666667
354 0
355 5.0
356 4.666666666666667
357 4.0
358 7.0
359 3.3333333333333335
360 6.0
361 0
362 4.0
363 4.0
364 4.333333333333333
365 3.0
366 5.0
367 0
368 0
369 6.0
370 5.0
371 4.0
372 7.0
373 4.0
374 4.0
375 0
376 0
377 0
378 0
379 0
380 0
381 0
382 0
383 0
384 3.0
385 0
386 0
387 0
388 0
389 3.0
390 0
391 0
392 0
393 0
394 6.0
395 0
396 0
397 0
398 0
399 5.0
400 0
401 0
402 0
403 0
404 0
405 0
406 0
407 0
408 0
409 3.0
410 0
411 0
412 0
413 0
414 4.0
415 0
416 0
417 0
418 0
419 0
420 0
421 0
422 0
423 0
424 0
425 0
426 0
427 0
428 0
