0 0
1 1
2 2
3 1
4 3
5 0
6 0
7 1
8 0
9 2
10 3
11 1
12 0
13 1
14 2
15 3
16 2
17 3
18 1
19 0
20 1
21 2
22 2
23 4
24 3
25 1
26 0
27 2
28 3
29 3
30 3
31 4
32 3
33 0
34 3
35 3
36 4
37 3
38 3
39 2
40 0
41 2
42 4
43 3
44 3
45 3
46 1
47 0
48 3
49 4
50 3
51 3
52 4
53 3
54 2
55 3
56 5
57 4
58 5
59 3
60 3
61 0
62 3
63 3
64 3
65 3
66 4
67 2
68 1
69 4
70 4
71 4
72 3
73 3
74 1
75 1
76 3
77 4
78 4
79 4
80 4
81 3
82 1
83 4
84 3
85 5
86 5
87 4
88 2
89 2
90 3
91 4
92 4
93 4
94 3
95 1
96 1
97 4
98 3
99 4
100 4
101 3
102 3
103 0
104 4
105 4
106 4
107 4
108 4
109 2
110 0
111 5
112 4
113 4
114 5
115 4
116 2
117 1
118 5
119 4
120 4
121 4
122 4
123 3
124 2
125 4
126 4
127 5
128 5
129 4
130 3
131 1
132 4
133 5
134 4
135 3
136 2
137 1
138 1
139 3
140 4
141 4
142 5
143 4
144 2
145 0
146 2
147 3
148 5
149 5
150 4
151 3
152 1
153 4
154 4
155 5
156 2
157 3
158 3
159 2
160 4
161 3
162 4
163 4
164 3
165 2
166 0
167 4
168 4
169 5
170 4
171 3
172 2
173 1
174 4
175 3
176 5
177 4
178 3
179 3
180 1
181 4
182 5
183 4
184 4
185 4
186 1
187 1
188 2
189 4
190 3
191 5
192 4
193 3
194 1
195 4
196 4
197 3
198 4
199 3
200 1
201 1
202 3
203 5
204 4
205 4
206 3
207 1
208 1
209 4
210 3
211 5
212 3
213 3
214 3
215 1
216 3
217 4
218 5
219 4
220 4
221 3
222 1
223 3
224 3
225 3
226 4
227 3
228 2
229 2
230 4
231 4
232 4
233 4
234 3
235 1
236 1
237 4
238 4
239 3
240 4
241 3
242 2
243 0
244 3
245 4
246 4
247 4
248 3
249 1
250 1
251 4
252 4
253 4
254 4
255 3
256 2
257 0
258 4
259 4
260 4
261 3
262 3
263 1
264 1
265 4
266 5
267 4
268 3
269 3
270 1
271 0
272 3
273 3
274 4
275 4
276 3
277 3
278 1
279 5
280 5
281 4
282 4
283 3
284 2
285 1
286 4
287 4
288 5
289 3
290 2
291 1
292 1
293 4
294 3
295 4
296 5
297 2
298 1
299 2
300 4
301 5
302 4
303 4
304 3
305 0
306 0
307 4
308 3
309 3
310 4
311 3
312 0
313 1
314 3
315 4
316 3
317 4
318 4
319 1
320 1
321 4
322 4
323 5
324 5
325 3
326 2
327 1
328 3
329 3
330 4
331 4
332 4
333 1
334 1
335 4
336 3
337 4
338 4
339 4
340 0
341 0
342 5
343 3
344 3
345 4
346 3
347 0
348 1
349 5
350 4
351 4
352 4
353 3
354 0
355 1
356 3
357 3
358 1
359 3
360 1
361 0
362 1
363 2
364 3
365 1
366 1
367 0
368 0
369 2
370 1
371 2
372 1
373 1
374 1
375 0
376 0
377 0
378 0
379 0
380 0
381 0
382 0
383 0
384 1
385 0
386 0
387 0
388 0
389 1
390 0
391 0
392 0
393 0
394 1
395 0
396 0
397 0
398 0
399 1
400 0
401 0
402 0
403 0
404 0
405 0
406 0
407 0
408 0
409 1
410 0
411 0
412 0
413 0
414 1
415 0
416 0
417 0
418 0
419 0
420 0
421 0
422 0
423 0
424 0
425 0
426 0
427 0
428 0
