0 1.5833333333333333
1 2.4482758620689653
2 3.1785714285714284
3 2.6
4 2.1538461538461537
5 0
6 1.6818181818181819
7 2.6486486486486487
8 2.25
9 3.3142857142857145
10 3.606060606060606
11 1.5789473684210527
12 0
13 2.033333333333333
14 2.806451612903226
15 4.205882352941177
16 3.4242424242424243
17 4.083333333333333
18 1.8064516129032258
19 1.0
20 2.0
21 3.0294117647058822
22 3.323529411764706
23 3.27027027027027
24 3.161290322580645
25 1.7586206896551724
26 1.0
27 3.15625
28 4.2105263157894735
29 5.615384615384615
30 6.318181818181818
31 8.119047619047619
32 3.3684210526315788
33 1.0
34 4.0
35 6.5
36 8.13953488372093
37 6.6976744186046515
38 6.871794871794871
39 4.0
40 1.0
41 2.72972972972973
42 8.883720930232558
43 7.125
44 6.909090909090909
45 8.08695652173913
46 3.5641025641025643
47 1.0
48 3.769230769230769
49 7.136363636363637
50 9.304347826086957
51 6.142857142857143
52 7.119047619047619
53 4.121951219512195
54 1.1333333333333333
55 3.6315789473684212
56 9.71111111111111
57 8.630434782608695
58 8.688888888888888
59 7.025
60 3.8333333333333335
61 1.0
62 4.2105263157894735
63 6.891304347826087
64 5.046511627906977
65 6.804347826086956
66 7.369565217391305
67 3.8461538461538463
68 1.3333333333333333
69 3.8292682926829267
70 7.372093023255814
71 7.212765957446808
72 6.255813953488372
73 6.6
74 4.055555555555555
75 1.0
76 5.135135135135135
77 6.0638297872340425
78 8.209302325581396
79 8.95
80 7.0
81 4.153846153846154
82 1.1666666666666667
83 4.380952380952381
84 7.711111111111111
85 8.363636363636363
86 7.386363636363637
87 6.3478260869565215
88 3.282051282051282
89 1.3125
90 3.9
91 7.4772727272727275
92 7.636363636363637
93 6.439024390243903
94 5.571428571428571
95 2.8157894736842106
96 1.6666666666666667
97 4.076923076923077
98 6.416666666666667
99 8.266666666666667
100 7.48936170212766
101 6.880952380952381
102 3.5789473684210527
103 1.0
104 4.560975609756097
105 8.063829787234043
106 7.238095238095238
107 7.804878048780488
108 6.674418604651163
109 4.722222222222222
110 1.0833333333333333
111 5.384615384615385
112 8.704545454545455
113 6.833333333333333
114 6.454545454545454
115 7.095238095238095
116 4.219512195121951
117 1.2222222222222223
118 4.121951219512195
119 5.85
120 6.0476190476190474
121 5.916666666666667
122 6.9772727272727275
123 3.027027027027027
124 1.1875
125 3.9743589743589745
126 5.954545454545454
127 7.911111111111111
128 6.612244897959184
129 5.880952380952381
130 3.736842105263158
131 1.0833333333333333
132 3.5365853658536586
133 6.829787234042553
134 8.422222222222222
135 6.260869565217392
136 6.390243902439025
137 3.736842105263158
138 1.4615384615384615
139 4.0
140 6.090909090909091
141 8.51063829787234
142 7.071428571428571
143 7.133333333333334
144 3.6486486486486487
145 1.0
146 4.309523809523809
147 6.651162790697675
148 7.088888888888889
149 6.533333333333333
150 8.702127659574469
151 4.605263157894737
152 1.1111111111111112
153 6.108695652173913
154 10.066666666666666
155 8.369565217391305
156 7.666666666666667
157 7.2439024390243905
158 3.4324324324324325
159 1.894736842105263
160 6.641025641025641
161 8.565217391304348
162 8.522727272727273
163 8.272727272727273
164 6.704545454545454
165 2.787878787878788
166 1.0
167 4.5813953488372094
168 8.181818181818182
169 8.133333333333333
170 9.045454545454545
171 5.395348837209302
172 3.4473684210526314
173 1.2
174 3.5555555555555554
175 7.1
176 6.568181818181818
177 6.555555555555555
178 5.790697674418604
179 2.7058823529411766
180 1.4545454545454546
181 4.7317073170731705
182 8.022727272727273
183 6.916666666666667
184 6.956521739130435
185 7.595238095238095
186 2.6875
187 1.6875
188 4.7727272727272725
189 7.7272727272727275
190 6.891304347826087
191 8.707317073170731
192 6.0638297872340425
193 2.303030303030303
194 1.1111111111111112
195 4.933333333333334
196 8.340909090909092
197 6.617021276595745
198 6.872340425531915
199 6.4772727272727275
200 2.4571428571428573
201 1.1538461538461537
202 4.5813953488372094
203 6.954545454545454
204 9.488888888888889
205 8.21951219512195
206 6.340909090909091
207 2.3421052631578947
208 1.9090909090909092
209 5.6976744186046515
210 7.023809523809524
211 5.933333333333334
212 7.976744186046512
213 6.738095238095238
214 2.611111111111111
215 1.125
216 5.023809523809524
217 9.4
218 7.238095238095238
219 6.088888888888889
220 7.5813953488372094
221 3.4242424242424243
222 1.1666666666666667
223 4.55
224 7.044444444444444
225 7.928571428571429
226 7.476190476190476
227 7.0
228 2.1176470588235294
229 1.5789473684210527
230 6.0
231 8.08695652173913
232 7.409090909090909
233 5.511111111111111
234 5.7272727272727275
235 2.6333333333333333
236 1.3076923076923077
237 5.487804878048781
238 7.733333333333333
239 7.2
240 6.022222222222222
241 5.545454545454546
242 2.515151515151515
243 1.1111111111111112
244 6.295454545454546
245 7.311111111111111
246 8.116279069767442
247 7.186046511627907
248 6.2727272727272725
249 1.9166666666666667
250 1.3
251 5.071428571428571
252 7.809523809523809
253 7.044444444444444
254 7.744186046511628
255 5.975609756097561
256 2.8275862068965516
257 1.1
258 8.024390243902438
259 7.4222222222222225
260 7.177777777777778
261 7.2926829268292686
262 5.795918367346939
263 2.2285714285714286
264 1.125
265 5.409090909090909
266 7.159090909090909
267 6.760869565217392
268 8.365853658536585
269 7.219512195121951
270 2.5517241379310347
271 1.0
272 6.523809523809524
273 9.022727272727273
274 7.25
275 7.7317073170731705
276 6.021739130434782
277 2.066666666666667
278 1.0
279 5.976190476190476
280 8.727272727272727
281 6.627906976744186
282 6.7727272727272725
283 5.380952380952381
284 1.9230769230769231
285 1.0
286 5.9523809523809526
287 7.414634146341464
288 6.0
289 6.883720930232558
290 5.695652173913044
291 1.5757575757575757
292 1.8125
293 4.883720930232558
294 6.146341463414634
295 6.954545454545454
296 6.479166666666667
297 5.1395348837209305
298 1.7857142857142858
299 1.0769230769230769
300 5.116279069767442
301 6.704545454545454
302 6.119047619047619
303 7.0476190476190474
304 6.142857142857143
305 1.1363636363636365
306 1.0
307 5.586956521739131
308 7.255813953488372
309 5.818181818181818
310 4.976190476190476
311 6.024390243902439
312 1.6818181818181819
313 1.125
314 6.0
315 6.186046511627907
316 7.282051282051282
317 6.190476190476191
318 4.642857142857143
319 1.5217391304347827
320 1.3333333333333333
321 5.119047619047619
322 7.023255813953488
323 7.911111111111111
324 5.545454545454546
325 6.813953488372093
326 1.6875
327 1.3333333333333333
328 5.023809523809524
329 8.048780487804878
330 5.5
331 7.23404255319149
332 6.613636363636363
333 1.4761904761904763
334 1.0
335 7.525
336 7.155555555555556
337 6.955555555555556
338 6.975609756097561
339 7.023255813953488
340 1.1666666666666667
341 1.0
342 6.51063829787234
343 7.333333333333333
344 7.0
345 5.195121951219512
346 5.869565217391305
347 1.2142857142857142
348 1.2
349 7.604651162790698
350 8.119047619047619
351 7.869565217391305
352 6.886363636363637
353 5.511627906976744
354 1.0
355 1.2222222222222223
356 3.7142857142857144
357 4.088235294117647
358 2.9615384615384617
359 2.0
360 1.5294117647058822
361 0
362 1.2857142857142858
363 1.9565217391304348
364 2.8
365 1.75
366 1.5333333333333334
367 1.4285714285714286
368 0
369 1.75
370 1.8421052631578947
371 1.2352941176470589
372 1.6875
373 2.375
374 2.0588235294117645
375 1.0
376 1.0
377 1.1428571428571428
378 1.25
379 2.375
380 1.8
381 0
382 1.0
383 0
384 1.7272727272727273
385 1.2222222222222223
386 0
387 0
388 0
389 1.0
390 1.0
391 1.0
392 1.1428571428571428
393 1.5714285714285714
394 1.8571428571428572
395 1.0
396 0
397 0
398 0
399 2.3846153846153846
400 1.0
401 1.25
402 1.0
403 0
404 1.0
405 0
406 1.0
407 1.0
408 0
409 2.2857142857142856
410 0
411 0
412 0
413 1.0
414 1.5714285714285714
415 1.1428571428571428
416 0
417 0
418 0
419 1.6666666666666667
420 1.0
421 0
422 0
423 0
424 1.0
425 0
426 2.5
427 1.0
428 0
