1 1
2 2
3 0
4 1
5 0
6 0
7 2
8 1
9 0
10 1
11 2
12 2
13 0
14 0
15 1
16 2
17 0
18 2
19 1
20 0
21 1
22 0
23 1
24 0
25 2
26 2
27 1
28 0
29 1
30 0
31 0
32 1
33 1
34 1
35 0
36 0
37 2
38 1
39 2
40 1
41 0
42 0
43 1
44 1
45 1
46 6
47 0
48 3
49 0
50 0
51 1
52 0
53 0
54 1
55 0
56 1
57 0
58 2
59 3
60 2
61 0
62 1
63 1
64 1
65 0
66 1
67 0
68 1
69 1
70 2
71 2
72 1
73 0
74 1
75 1
76 0
77 1
78 1
79 1
80 0
81 1
82 6
83 0
84 1
85 1
86 1
87 3
88 1
89 4
90 0
91 0
92 1
93 3
94 1
95 0
96 0
97 1
98 0
99 0
100 0
101 1
102 4
103 4
104 0
105 0
106 1
107 0
108 0
109 1
110 0
111 3
112 2
113 1
114 1
115 1
116 0
117 0
118 1
119 0
120 0
121 0
122 0
123 1
124 2
125 1
126 5
127 0
128 0
129 0
130 0
131 0
132 0
133 1
134 1
135 0
136 2
137 0
138 0
139 1
140 4
141 0
142 0
143 3
144 0
145 0
146 1
147 1
148 0
149 2
150 3
151 3
152 0
153 0
154 1
155 0
156 0
157 1
158 0
159 2
160 2
161 0
162 0
163 0
164 2
165 0
166 5
167 0
168 0
169 1
170 0
171 1
172 1
173 1
174 1
175 0
176 0
177 2
178 2
179 0
180 0
181 0
182 0
183 1
184 0
185 4
186 4
187 1
188 0
189 0
190 1
191 2
192 0
193 0
194 0
195 2
196 4
197 0
198 1
199 1
200 1
201 1
202 1
203 0
204 0
205 1
206 0
207 3
208 4
209 0
210 0
211 1
212 3
213 3
214 4
215 0
216 0
217 0
218 5
219 0
220 1
221 1
222 2
223 0
224 0
225 2
226 0
227 0
228 1
229 0
230 0
231 4
232 1
233 0
234 3
235 0
236 3
237 1
238 1
239 2
240 1
241 0
242 0
243 1
244 3
245 3
246 0
247 1
248 0
249 3
250 0
251 3
252 3
253 2
254 0
255 0
256 1
257 1
258 1
259 2
260 0
261 0
262 1
263 1
264 4
265 1
266 0
267 4
268 7
269 1
270 1
271 2
272 0
273 0
274 0
275 3
276 0
277 0
278 0
279 0
280 1
281 7
282 1
283 0
284 1
285 0
286 0
287 0
288 0
289 0
290 1
291 1
292 0
293 1
294 2
295 0
296 2
297 4
298 1
299 1
300 0
301 0
302 0
303 0
304 3
305 0
306 1
307 0
308 0
309 1
310 2
311 1
312 0
313 2
314 0
315 0
316 0
317 2
318 2
319 0
320 2
321 1
322 0
323 1
324 1
325 0
326 0
327 0
328 2
329 0
330 1
331 1
332 1
333 4
334 5
335 1
336 1
337 5
338 2
339 3
340 0
341 0
342 0
343 3
344 3
345 0
346 1
347 0
348 0
349 1
350 0
351 3
352 0
353 0
354 1
355 3
356 1
357 0
358 0
359 0
360 1
361 0
362 1
363 2
364 2
365 0
366 0
367 2
368 2
369 1
370 1
371 0
372 0
373 0
374 1
375 1
376 0
377 0
378 0
379 1
380 0
381 0
382 0
383 0
384 0
385 0
386 0
387 0
388 2
389 0
390 3
391 0
392 0
393 0
394 0
395 0
396 1
397 0
398 0
399 1
400 1
401 1
402 1
403 1
404 0
405 0
406 0
407 2
408 1
409 1
410 0
411 0
412 0
413 2
414 2
415 0
416 2
417 1
418 0
419 0
420 0
421 1
422 1
423 0
424 2
425 4
426 0
427 2
428 0
429 1
430 1
431 0
432 0
433 1
434 3
435 0
436 0
437 0
438 1
439 0
440 2
441 2
442 0
443 0
444 2
445 0
446 0
447 1
448 1
449 3
450 2
451 0
452 2
453 2
454 2
455 1
456 1
457 1
458 0
459 0
460 2
461 0
462 0
463 2
464 1
465 0
466 1
467 0
468 1
469 0
470 4
471 0
472 0
473 0
474 0
475 0
476 1
477 2
478 1
479 2
480 0
481 0
482 0
483 0
484 0
485 0
486 2
487 2
488 0
489 0
490 0
491 0
492 0
493 0
494 2
495 0
496 1
497 0
498 1
499 1
500 1
501 3
502 1
503 1
504 0
505 2
506 2
507 1
508 1
509 0
510 5
511 0
512 1
513 1
514 3
515 1
516 0
517 0
518 6
519 0
520 3
521 2
522 2
523 4
524 2
525 0
526 0
527 1
528 3
529 0
530 2
531 0
532 0
533 0
534 3
535 0
536 1
537 1
538 5
539 0
540 2
541 0
542 2
543 0
544 3
545 1
546 0
547 4
548 0
549 0
550 0
551 3
552 1
553 1
554 1
555 0
556 1
557 3
558 2
559 0
560 5
561 0
562 2
563 2
564 0
565 0
566 2
567 0
568 2
569 1
570 2
571 0
572 1
573 0
574 0
575 0
576 2
577 1
578 0
579 3
580 1
581 2
582 0
583 0
584 0
585 1
586 4
587 2
588 1
589 0
590 0
591 3
592 0
593 2
594 0
595 2
596 0
597 2
598 1
599 0
600 0
601 1
602 0
603 2
604 0
605 0
606 7
607 0
608 1
609 2
610 1
611 1
612 0
613 2
614 0
615 0
616 0
617 5
618 0
619 4
620 2
621 0
622 0
623 0
624 0
625 3
626 1
627 1
628 1
629 3
630 1
631 0
632 0
633 0
634 2
635 0
636 0
637 3
638 3
639 3
640 3
641 0
642 0
643 3
644 0
645 0
646 0
647 0
648 1
649 1
650 2
651 2
652 0
653 0
654 1
655 1
656 0
657 1
658 0
659 0
660 0
661 0
662 1
663 4
664 0
665 1
666 1
667 1
668 0
669 0
670 3
671 0
672 1
673 1
674 1
675 0
676 0
677 2
678 1
679 1
680 0
681 2
682 0
683 1
684 0
685 3
686 3
687 4
688 2
689 2
690 0
691 1
692 1
693 1
694 0
695 1
696 2
697 0
698 2
699 0
700 0
701 3
702 0
703 3
704 3
705 1
706 0
707 1
708 1
709 1
710 3
711 0
712 1
713 1
714 0
715 2
716 2
717 0
718 0
719 0
720 1
721 0
722 1
723 0
724 0
725 0
726 1
727 1
728 1
729 0
730 0
731 1
732 1
733 2
734 1
735 1
736 1
737 1
738 5
739 0
740 1
741 0
742 0
743 3
744 4
745 0
746 0
747 0
748 0
749 1
750 1
751 1
752 1
753 0
754 0
755 1
756 4
757 1
758 1
759 4
760 4
761 0
762 1
763 0
764 0
765 0
766 0
767 1
768 1
769 1
770 1
771 1
772 0
773 0
774 0
775 0
776 2
777 4
778 4
779 1
780 1
781 0
782 2
783 0
784 0
785 1
786 2
787 1
788 0
789 0
790 1
791 1
792 1
793 3
794 1
795 1
796 1
797 1
798 0
799 1
800 3
801 1
802 1
803 0
804 0
805 1
806 0
807 0
808 0
809 1
810 3
811 1
812 0
813 0
814 1
815 1
816 1
817 4
818 0
819 0
820 0
821 0
822 2
823 7
824 1
825 0
826 0
827 0
828 0
829 0
830 0
831 2
832 2
833 0
834 1
835 1
836 2
837 0
838 0
839 0
840 2
841 4
842 0
843 0
844 1
845 3
846 0
847 0
848 0
849 0
850 0
851 4
852 0
853 0
854 1
855 2
856 1
857 1
858 3
859 3
860 3
861 1
862 0
863 1
864 3
865 4
866 4
867 3
868 2
869 3
870 1
871 4
872 0
873 0
874 3
875 3
876 1
877 0
878 2
879 0
880 1
881 3
882 1
883 0
884 1
885 0
886 1
887 0
888 0
889 1
890 2
891 1
892 2
893 2
894 0
895 0
896 1
897 1
898 0
899 3
900 0
901 0
902 1
903 0
904 4
905 4
906 1
907 2
908 0
909 2
910 1
911 1
912 3
913 0
914 1
915 1
916 0
917 0
918 0
919 0
920 3
921 1
922 0
923 2
924 0
925 1
926 0
927 0
928 0
929 0
930 1
931 0
932 0
933 0
934 0
935 1
936 1
937 0
938 2
939 3
940 0
941 0
942 0
943 1
944 0
945 0
946 3
947 0
948 3
949 1
950 1
951 0
952 0
953 0
954 1
955 0
956 1
957 2
958 2
959 2
960 1
961 0
962 2
963 0
964 3
965 3
966 4
967 0
968 0
969 0
970 0
971 0
972 0
973 3
974 1
975 0
976 0
977 1
978 0
979 2
980 3
981 2
982 1
983 4
984 0
985 1
986 7
987 2
988 1
989 0
990 1
991 0
992 2
993 2
994 0
995 0
996 0
997 0
998 0
999 0
1000 2
1001 1
1002 1
1003 0
1004 1
1005 1
1006 0
1007 0
1008 3
1009 1
1010 1
1011 1
1012 1
1013 0
1014 2
1015 3
1016 5
1017 0
1018 0
1019 0
1020 3
1021 1
1022 2
1023 1
1024 0
1025 0
1026 0
1027 1
1028 0
1029 0
1030 0
1031 0
1032 3
1033 0
1034 1
1035 1
1036 1
1037 0
1038 1
1039 3
1040 1
1041 1
1042 0
1043 0
1044 1
1045 2
1046 0
1047 0
1048 1
1049 0
1050 0
1051 1
1052 0
1053 2
1054 0
1055 1
1056 1
1057 0
1058 0
1059 4
1060 1
1061 3
1062 0
1063 0
1064 1
1065 1
1066 1
1067 1
1068 1
1069 0
1070 0
1071 0
1072 1
1073 0
1074 1
1075 1
1076 1
1077 2
1078 3
1079 0
1080 0
1081 3
1082 0
1083 0
1084 0
1085 1
1086 0
1087 0
1088 0
1089 1
1090 0
1091 1
1092 2
1093 2
1094 0
1095 0
1096 0
1097 0
1098 1
1099 0
1100 0
1101 0
1102 2
1103 2
1104 2
1105 0
1106 1
1107 1
1108 1
1109 0
1110 0
1111 1
1112 1
1113 0
1114 0
1115 0
1116 0
1117 1
1118 1
1119 1
1120 0
1121 0
1122 0
1123 2
1124 0
1125 4
1126 3
1127 0
1128 0
1129 0
1130 0
1131 0
1132 0
1133 0
1134 0
1135 1
1136 1
1137 1
1138 2
1139 2
1140 1
1141 0
1142 0
1143 1
1144 1
1145 1
1146 1
1147 1
1148 0
1149 0
1150 0
1151 0
1152 2
1153 2
1154 0
1155 0
1156 1
1157 1
1158 0
1159 1
1160 0
1161 1
1162 0
1163 0
1164 1
1165 0
1166 0
1167 1
1168 2
1169 0
1170 3
1171 3
1172 0
1173 2
1174 1
1175 4
1176 1
1177 0
1178 3
1179 2
1180 0
1181 1
1182 0
1183 2
1184 2
1185 1
1186 0
1187 0
1188 1
1189 0
1190 0
1191 1
1192 1
1193 1
1194 0
1195 0
1196 0
1197 2
1198 0
1199 0
1200 0
1201 0
1202 0
1203 0
1204 1
1205 0
1206 1
1207 1
1208 1
1209 0
1210 1
1211 0
1212 3
1213 3
1214 2
1215 3
1216 2
1217 0
1218 1
1219 1
1220 3
1221 1
1222 0
1223 0
1224 1
1225 0
1226 0
1227 1
1228 0
1229 1
1230 3
1231 3
1232 0
1233 0
1234 1
1235 0
1236 1
1237 1
1238 0
1239 0
1240 1
1241 1
1242 4
1243 1
1244 0
1245 0
1246 1
1247 0
1248 0
1249 0
1250 1
1251 0
1252 2
1253 0
1254 0
1255 2
1256 0
1257 0
1258 1
1259 0
1260 0
1261 5
1262 1
1263 1
1264 1
1265 1
1266 0
1267 0
1268 2
1269 1
1270 1
1271 0
1272 0
1273 2
1274 0
1275 0
1276 0
1277 2
1278 1
1279 1
1280 1
1281 0
1282 0
1283 1
1284 1
1285 0
1286 0
1287 1
1288 1
1289 0
1290 0
1291 3
1292 1
1293 1
1294 0
1295 0
1296 0
1297 0
1298 1
1299 2
1300 0
1301 0
1302 0
1303 1
1304 1
1305 0
1306 2
1307 0
1308 0
1309 0
1310 5
1311 5
1312 1
1313 1
1314 1
1315 0
1316 0
1317 0
1318 1
1319 1
1320 0
1321 4
1322 4
1323 0
1324 0
1325 1
1326 1
1327 1
1328 1
1329 0
1330 1
1331 1
1332 0
1333 1
1334 0
1335 2
1336 0
1337 0
1338 1
1339 1
1340 1
1341 1
1342 0
1343 3
1344 1
1345 1
1346 1
1347 1
1348 2
1349 1
1350 1
1351 1
1352 1
1353 1
1354 1
1355 0
1356 0
1357 1
1358 0
1359 2
1360 0
1361 0
1362 0
1363 0
1364 1
1365 2
1366 2
1367 0
1368 0
1369 1
1370 0
1371 0
1372 0
1373 0
1374 0
1375 3
1376 0
1377 0
1378 3
1379 1
1380 0
1381 2
1382 1
1383 1
1384 0
1385 0
1386 0
1387 0
1388 1
1389 0
1390 0
1391 1
1392 0
1393 2
1394 0
1395 1
1396 2
1397 0
1398 0
1399 0
1400 1
1401 0
1402 0
1403 0
1404 1
1405 0
1406 1
1407 1
1408 2
1409 2
1410 1
1411 0
1412 1
1413 4
1414 1
1415 0
1416 0
1417 0
1418 2
1419 0
1420 4
1421 1
1422 0
1423 0
1424 1
1425 0
1426 0
1427 0
1428 0
1429 1
1430 0
1431 0
1432 0
1433 0
1434 1
1435 1
1436 0
1437 2
1438 0
1439 2
1440 1
1441 1
1442 0
1443 1
1444 0
1445 2
1446 0
1447 1
1448 1
1449 0
1450 0
1451 2
1452 0
1453 1
1454 0
1455 1
1456 1
1457 0
1458 0
1459 0
1460 0
1461 0
1462 0
1463 0
1464 2
1465 0
1466 2
1467 0
1468 0
1469 1
1470 0
1471 1
1472 0
1473 0
1474 0
1475 1
1476 1
1477 0
1478 1
1479 0
1480 1
1481 0
1482 0
1483 0
1484 0
1485 1
1486 0
1487 1
1488 0
1489 0
1490 2
1491 0
1492 0
1493 1
1494 0
1495 0
1496 1
1497 0
1498 1
1499 1
1500 0
1501 2
1502 1
1503 1
1504 0
1505 1
1506 0
1507 2
1508 0
1509 0
1510 1
1511 0
1512 0
1513 1
1514 0
1515 0
1516 0
1517 0
1518 0
1519 1
1520 0
1521 1
1522 0
1523 0
1524 1
1525 0
1526 2
1527 1
1528 0
1529 0
1530 2
1531 1
1532 0
1533 0
1534 1
1535 1
1536 1
1537 0
1538 1
1539 0
1540 0
1541 0
1542 1
1543 0
1544 0
1545 1
1546 0
1547 1
1548 0
1549 2
1550 0
1551 0
1552 5
1553 2
1554 1
1555 1
1556 0
1557 1
1558 2
1559 0
1560 0
1561 1
1562 1
1563 1
1564 0
1565 0
1566 2
1567 0
1568 1
1569 1
1570 0
1571 4
1572 4
1573 3
1574 3
1575 1
1576 0
1577 0
1578 0
1579 1
1580 1
1581 0
1582 2
1583 1
1584 2
1585 1
1586 0
1587 1
1588 0
1589 5
1590 0
1591 3
1592 1
1593 0
1594 0
1595 1
1596 0
1597 0
1598 0
1599 3
1600 0
1601 0
1602 3
1603 0
1604 4
1605 0
1606 0
1607 0
1608 4
1609 0
1610 1
1611 0
1612 0
1613 0
1614 2
1615 0
1616 1
1617 0
1618 1
1619 2
1620 1
1621 3
1622 2
1623 0
1624 0
1625 0
1626 1
1627 1
1628 1
1629 1
1630 0
1631 0
1632 1
1633 0
1634 0
1635 2
1636 4
1637 0
1638 0
1639 5
1640 0
1641 1
1642 0
1643 0
1644 1
1645 1
1646 0
1647 0
1648 2
1649 0
1650 4
1651 2
1652 2
1653 1
1654 0
1655 0
1656 1
1657 0
1658 1
1659 2
1660 2
1661 0
1662 3
1663 1
1664 0
1665 0
1666 0
1667 2
1668 2
1669 1
1670 2
1671 2
1672 0
1673 0
1674 0
1675 0
1676 1
1677 0
1678 1
1679 0
1680 1
1681 1
1682 0
1683 3
1684 0
1685 1
1686 0
1687 0
1688 1
1689 1
1690 1
1691 3
1692 1
1693 4
1694 2
1695 4
1696 0
1697 3
1698 0
1699 1
1700 0
1701 0
1702 0
1703 1
1704 0
1705 0
1706 1
1707 2
1708 0
1709 2
1710 3
1711 4
1712 0
1713 0
1714 3
1715 0
1716 0
1717 0
1718 0
1719 3
1720 0
1721 0
1722 0
1723 1
1724 1
1725 3
1726 1
1727 2
1728 0
1729 0
1730 0
1731 3
1732 1
1733 2
1734 2
1735 0
1736 0
1737 1
1738 1
1739 1
1740 1
1741 1
1742 1
1743 1
1744 1
1745 1
1746 2
1747 1
1748 2
1749 0
1750 0
1751 2
1752 0
1753 1
1754 0
1755 1
1756 2
1757 3
1758 4
1759 0
1760 0
1761 1
1762 0
1763 0
1764 1
1765 4
1766 1
1767 0
1768 0
1769 1
1770 0
1771 0
1772 2
1773 1
1774 0
1775 0
1776 2
1777 1
1778 4
1779 0
1780 0
1781 1
1782 1
1783 0
1784 3
1785 1
1786 0
1787 3
1788 1
1789 0
1790 0
1791 0
1792 0
1793 5
1794 5
1795 3
1796 0
1797 0
1798 0
1799 1
1800 3
1801 0
1802 0
1803 2
1804 1
1805 1
1806 0
1807 0
1808 1
1809 4
1810 0
1811 0
1812 0
1813 0
1814 2
1815 2
1816 0
1817 1
1818 1
1819 0
1820 4
1821 1
1822 1
1823 0
1824 1
1825 0
1826 0
1827 1
1828 1
1829 0
1830 2
1831 1
1832 1
1833 0
1834 1
1835 1
1836 0
1837 1
1838 0
1839 0
1840 0
1841 0
1842 0
1843 1
1844 3
1845 0
1846 0
1847 0
1848 0
1849 4
1850 0
1851 0
1852 2
1853 0
1854 0
1855 1
1856 3
1857 0
1858 1
1859 0
1860 1
1861 1
1862 0
1863 2
1864 0
1865 7
1866 2
1867 2
1868 0
1869 1
1870 1
1871 0
1872 1
1873 0
1874 0
1875 0
1876 0
1877 2
1878 0
1879 1
1880 0
1881 4
1882 1
1883 0
1884 0
1885 1
1886 0
1887 3
1888 1
1889 0
1890 0
1891 0
1892 4
1893 0
1894 2
1895 0
1896 1
1897 3
1898 0
1899 0
1900 0
1901 3
1902 3
1903 0
1904 0
1905 3
1906 0
1907 0
1908 0
1909 0
1910 0
1911 1
1912 1
1913 0
1914 0
1915 2
1916 1
1917 0
1918 0
1919 0
1920 1
1921 1
1922 0
1923 1
1924 1
1925 3
1926 0
1927 1
1928 1
1929 0
1930 1
1931 0
1932 1
1933 6
1934 5
1935 1
1936 0
1937 0
1938 0
1939 0
1940 5
1941 1
1942 4
1943 3
1944 2
1945 1
1946 0
1947 0
1948 1
1949 1
1950 2
1951 0
1952 0
1953 0
1954 0
1955 1
1956 2
1957 1
1958 4
1959 0
1960 2
1961 0
1962 3
1963 0
1964 2
1965 2
1966 0
1967 1
1968 2
1969 2
1970 3
1971 0
1972 2
1973 0
1974 0
1975 0
1976 0
1977 1
1978 3
1979 0
1980 1
1981 0
1982 2
1983 0
1984 0
1985 1
1986 0
1987 2
1988 1
1989 0
1990 0
1991 0
1992 3
1993 0
1994 2
1995 1
1996 0
1997 0
1998 1
1999 4
2000 0
2001 0
2002 0
2003 3
2004 4
2005 3
2006 3
2007 0
2008 0
2009 0
2010 1
2011 1
2012 1
2013 0
2014 0
2015 2
2016 1
2017 2
2018 2
2019 0
2020 0
2021 4
2022 0
2023 0
2024 0
2025 1
2026 0
2027 1
2028 0
2029 2
2030 1
2031 0
2032 2
2033 2
2034 3
2035 0
2036 0
2037 1
2038 1
2039 0
2040 1
2041 1
2042 0
2043 0
2044 5
2045 0
2046 1
2047 0
2048 0
2049 0
2050 2
2051 1
2052 0
2053 1
2054 0
2055 3
2056 1
2057 0
2058 1
2059 0
2060 2
2061 0
2062 1
2063 1
2064 3
2065 0
2066 1
2067 4
2068 1
2069 0
2070 0
2071 0
2072 0
2073 1
2074 0
2075 0
2076 2
2077 0
2078 2
2079 0
2080 1
2081 0
2082 1
2083 1
2084 1
2085 0
2086 1
2087 1
2088 1
2089 0
2090 1
2091 2
2092 2
2093 4
2094 1
2095 0
2096 0
2097 1
2098 0
2099 0
2100 0
2101 0
2102 3
2103 0
2104 1
2105 3
2106 2
2107 0
2108 1
2109 3
2110 0
2111 0
2112 0
2113 1
2114 3
2115 3
2116 0
2117 1
2118 0
2119 0
2120 1
2121 1
2122 0
2123 3
2124 2
2125 0
2126 1
2127 1
2128 1
2129 0
2130 0
2131 1
2132 0
2133 0
2134 1
2135 0
2136 1
2137 4
2138 0
2139 0
2140 2
2141 1
2142 1
2143 0
2144 4
2145 2
2146 0
2147 0
2148 2
2149 1
2150 2
2151 0
2152 0
2153 3
2154 4
2155 2
2156 4
2157 0
2158 2
2159 0
2160 0
2161 0
2162 1
2163 1
2164 1
2165 0
2166 0
2167 1
2168 0
2169 0
2170 1
2171 0
2172 2
2173 2
2174 0
2175 0
2176 1
2177 1
2178 0
2179 1
2180 4
2181 0
2182 2
2183 0
2184 1
2185 1
2186 1
2187 1
2188 0
2189 1
2190 0
2191 2
2192 0
2193 2
2194 0
2195 0
2196 1
2197 4
2198 0
2199 2
2200 0
2201 1
2202 0
2203 1
2204 1
2205 0
2206 2
2207 1
2208 2
2209 0
2210 1
2211 1
2212 1
2213 0
2214 0
2215 1
2216 0
2217 0
2218 2
2219 2
2220 2
2221 1
2222 0
2223 0
2224 0
2225 3
2226 0
2227 1
2228 0
2229 1
2230 0
2231 0
2232 0
2233 0
2234 3
2235 0
2236 0
2237 3
2238 0
2239 0
2240 0
2241 2
2242 0
2243 1
2244 0
2245 0
2246 1
2247 1
2248 2
2249 0
2250 1
2251 0
2252 2
2253 0
2254 1
2255 0
2256 2
2257 2
2258 0
2259 0
2260 3
2261 1
2262 0
2263 1
2264 1
2265 0
2266 0
2267 0
2268 0
2269 1
2270 0
2271 0
2272 0
2273 1
2274 3
2275 0
2276 0
2277 1
2278 1
2279 1
2280 1
2281 1
2282 1
2283 1
2284 2
2285 1
2286 1
2287 0
2288 0
2289 1
2290 2
2291 3
2292 2
2293 3
2294 0
2295 1
2296 1
2297 0
2298 1
2299 0
2300 0
2301 0
2302 0
2303 0
2304 0
2305 0
2306 2
2307 0
2308 0
2309 2
2310 2
2311 0
2312 2
2313 1
2314 1
2315 0
2316 1
2317 0
2318 0
2319 1
2320 2
2321 0
2322 2
2323 1
2324 0
2325 0
2326 1
2327 0
2328 1
2329 1
2330 1
2331 1
2332 0
2333 1
2334 1
2335 4
2336 0
2337 0
2338 0
2339 0
2340 0
2341 1
2342 1
2343 1
2344 0
2345 0
2346 1
2347 0
2348 0
2349 1
2350 1
2351 1
2352 1
2353 1
2354 1
2355 0
2356 2
2357 0
2358 1
2359 1
2360 1
2361 2
2362 2
2363 0
2364 2
2365 3
2366 0
2367 1
2368 0
2369 0
2370 0
2371 0
2372 1
2373 0
2374 0
2375 1
2376 0
2377 0
2378 2
2379 2
2380 0
2381 1
2382 0
2383 0
2384 0
2385 1
2386 0
2387 0
2388 0
2389 1
2390 0
2391 0
2392 0
2393 1
2394 4
2395 0
2396 0
2397 1
2398 2
2399 0
2400 0
2401 1
2402 0
2403 0
2404 1
2405 0
2406 0
2407 3
2408 3
2409 0
2410 0
2411 0
2412 0
2413 1
2414 1
2415 0
2416 1
2417 1
2418 1
2419 0
2420 2
2421 0
2422 0
2423 1
2424 0
2425 0
2426 0
2427 1
2428 4
2429 0
2430 2
2431 0
2432 0
2433 0
2434 0
2435 0
2436 0
2437 1
2438 0
2439 1
2440 0
2441 0
2442 0
2443 2
2444 2
2445 0
2446 0
2447 2
2448 2
2449 0
2450 0
2451 0
2452 1
2453 0
2454 0
2455 0
2456 0
2457 1
2458 0
2459 1
2460 0
2461 0
2462 0
2463 1
2464 4
2465 0
2466 0
2467 0
2468 0
2469 2
2470 0
2471 1
2472 0
2473 1
2474 0
2475 0
2476 0
2477 0
2478 0
2479 0
2480 2
2481 0
2482 0
2483 1
2484 0
2485 3
2486 1
2487 0
2488 0
2489 0
2490 3
2491 0
2492 1
2493 0
2494 0
2495 0
2496 1
2497 3
2498 0
2499 0
2500 0
2501 0
2502 1
2503 0
2504 0
2505 3
2506 0
2507 0
2508 0
2509 2
2510 1
2511 0
2512 0
2513 0
2514 0
2515 0
2516 2
2517 0
2518 0
2519 0
2520 1
2521 0
2522 0
2523 0
2524 4
2525 4
2526 3
2527 0
2528 3
2529 0
2530 2
2531 4
2532 2
2533 0
2534 0
2535 2
2536 0
2537 1
2538 1
2539 0
2540 1
2541 0
2542 0
2543 0
2544 0
2545 0
2546 7
2547 0
2548 0
2549 0
2550 1
2551 0
2552 0
2553 0
2554 0
2555 5
2556 0
2557 0
2558 1
2559 0
2560 7
2561 1
2562 0
2563 0
2564 0
2565 1
2566 1
2567 0
2568 1
2569 3
2570 0
2571 1
2572 3
2573 0
2574 1
2575 1
2576 0
2577 1
2578 1
2579 6
2580 0
2581 0
2582 8
2583 0
2584 0
2585 0
2586 0
2587 2
2588 1
2589 3
2590 0
2591 2
2592 0
2593 0
2594 2
2595 0
2596 0
2597 0
2598 0
2599 1
2600 0
2601 0
2602 0
2603 0
2604 1
2605 0
2606 1
2607 1
2608 0
2609 0
2610 0
2611 0
2612 0
2613 1
2614 3
2615 0
2616 0
2617 2
2618 2
2619 3
2620 0
2621 1
2622 1
2623 2
2624 0
2625 3
2626 0
2627 0
2628 1
2629 0
2630 2
2631 1
2632 0
2633 0
2634 0
2635 0
2636 0
2637 0
2638 0
2639 2
2640 2
2641 1
2642 1
2643 1
2644 3
2645 2
2646 2
2647 0
2648 2
2649 0
2650 3
2651 0
2652 1
2653 0
2654 0
2655 0
2656 1
2657 0
2658 0
2659 0
2660 3
2661 0
2662 1
2663 1
2664 1
2665 3
2666 0
2667 0
2668 0
2669 2
2670 0
2671 1
2672 0
2673 0
2674 1
2675 0
2676 0
2677 2
2678 2
2679 0
2680 0
2681 0
2682 0
2683 0
2684 1
2685 1
2686 4
2687 1
2688 1
2689 0
2690 1
2691 2
2692 0
2693 0
2694 1
2695 0
2696 0
2697 3
2698 0
2699 0
2700 2
2701 1
2702 1
2703 2
2704 1
2705 0
2706 1
2707 0
2708 4
2709 0
2710 3
2711 0
2712 1
2713 0
2714 4
2715 0
2716 2
2717 2
2718 2
2719 2
2720 4
2721 0
2722 0
2723 3
2724 1
2725 0
2726 0
2727 1
2728 0
2729 2
2730 0
2731 0
2732 4
2733 1
2734 2
2735 0
2736 0
2737 1
2738 1
2739 2
2740 3
2741 2
2742 1
2743 0
2744 0
2745 0
2746 1
2747 2
2748 1
2749 3
2750 1
2751 1
2752 4
2753 0
2754 0
2755 1
2756 1
2757 0
2758 0
2759 0
2760 0
2761 1
2762 0
2763 0
2764 0
2765 1
2766 1
2767 3
2768 2
2769 1
2770 2
2771 4
2772 0
2773 0
2774 1
2775 4
2776 0
2777 2
