1 0
2 0
3 1
4 1
5 1
6 0
7 1
8 1
9 1
10 0
11 2
12 2
13 1
14 0
15 0
16 1
17 1
18 0
19 0
20 2
21 1
22 2
23 0
24 1
25 0
26 2
27 1
28 2
29 2
30 1
31 0
32 0
33 0
34 0
35 1
36 0
37 0
38 3
39 0
40 1
41 1
42 1
43 2
44 0
45 0
46 0
47 1
48 0
49 1
50 0
51 0
52 1
53 1
54 1
55 0
56 1
57 2
58 0
59 0
60 1
61 1
62 0
63 0
64 1
65 0
66 1
67 1
68 0
69 1
70 1
71 0
72 1
73 0
74 1
75 0
76 2
77 0
78 1
79 1
80 1
81 0
82 1
83 2
84 1
85 0
86 1
87 1
88 1
89 1
90 0
91 0
92 1
93 0
94 0
95 1
96 0
97 2
98 0
99 1
100 0
101 1
102 0
103 1
104 1
105 1
106 1
107 0
108 1
109 1
110 1
111 1
112 1
113 1
114 1
115 1
116 1
117 0
118 1
119 1
120 1
121 0
122 1
123 1
124 1
125 1
126 1
127 1
128 1
129 1
130 1
131 0
132 1
133 1
134 1
135 1
136 0
137 0
138 0
139 0
140 1
141 0
142 0
143 1
144 0
145 0
146 0
147 0
148 0
149 0
150 1
151 2
152 0
153 1
154 0
155 0
156 1
157 1
158 0
159 0
160 0
161 1
162 2
163 0
164 0
165 1
166 0
167 1
168 0
169 2
170 2
171 2
172 1
173 1
174 1
175 1
176 1
177 1
178 0
179 0
180 1
181 1
182 1
183 1
184 1
185 1
186 1
187 1
188 1
189 1
190 1
191 1
192 1
193 1
194 1
195 1
196 1
197 1
198 1
199 1
200 0
201 1
202 0
203 1
204 0
205 0
206 0
207 1
208 1
209 0
210 1
211 1
212 0
213 1
214 0
215 1
216 1
217 1
218 1
219 1
220 1
221 1
222 1
223 1
224 2
225 1
226 0
227 0
228 1
229 1
230 1
231 0
232 0
233 0
234 1
235 0
236 0
237 1
238 0
239 0
240 0
241 1
242 1
243 0
244 1
245 1
246 1
247 0
248 1
249 1
250 1
251 2
252 2
253 1
254 0
255 0
256 0
257 1
258 0
259 1
260 0
261 2
262 1
263 0
264 1
265 1
266 0
267 0
268 0
269 0
270 1
271 0
272 1
273 0
274 0
275 2
276 0
277 0
278 0
279 0
280 0
281 0
282 2
283 1
284 0
285 1
286 2
287 1
288 1
289 1
290 1
291 1
292 1
293 1
294 1
295 3
296 1
297 1
298 1
299 1
300 1
301 1
302 1
303 1
304 2
305 1
306 1
307 1
308 0
309 1
310 1
311 1
312 1
313 1
314 1
315 1
316 1
317 1
318 1
319 1
320 1
321 1
322 1
323 2
324 1
325 1
326 1
327 0
328 1
329 1
330 1
331 1
332 1
333 1
334 1
335 1
336 1
337 1
338 0
339 0
340 1
341 1
342 1
343 1
344 1
345 1
346 1
347 1
348 2
349 1
350 1
351 1
352 0
353 1
354 1
355 1
356 1
357 2
358 3
359 1
360 1
361 1
362 1
363 1
364 1
365 1
366 1
367 1
368 1
369 3
370 0
371 1
372 1
373 2
374 1
375 0
376 0
377 2
378 0
379 0
380 1
381 0
382 2
383 0
384 2
385 0
386 0
387 0
388 0
389 0
390 0
391 1
392 0
393 1
394 1
395 0
396 0
397 1
398 0
399 2
400 0
401 0
402 0
403 1
404 1
405 1
406 1
407 2
408 1
409 0
410 4
411 0
412 2
413 2
414 1
415 1
416 1
417 1
418 5
419 1
420 1
421 1
422 1
423 1
424 1
425 1
426 1
427 0
428 1
429 2
430 1
431 1
432 1
433 1
434 1
435 2
436 4
437 1
438 1
439 1
440 1
441 1
442 1
443 1
444 2
445 1
446 1
447 1
448 1
449 1
450 1
451 3
452 1
453 1
454 1
455 1
456 1
457 1
458 1
459 1
460 2
461 3
462 0
463 0
464 2
465 0
466 3
467 1
468 2
469 0
470 1
471 1
472 1
473 1
474 1
475 1
476 1
477 1
478 1
479 1
480 1
481 1
482 1
483 1
484 1
485 1
486 1
487 1
488 1
489 1
490 3
491 1
492 3
493 1
494 0
495 1
496 2
497 4
498 1
499 3
500 1
501 1
502 1
503 0
504 1
505 1
506 2
507 1
508 1
509 1
510 1
511 1
512 1
513 1
514 1
515 1
516 1
517 1
518 1
519 1
520 1
521 1
522 1
523 2
524 1
525 1
526 1
527 1
528 1
529 1
530 1
531 0
532 2
533 0
534 2
535 0
536 2
537 1
538 0
539 0
540 0
541 0
542 0
543 1
544 2
545 1
546 0
547 1
548 1
549 0
550 0
551 0
552 1
553 1
554 0
555 0
556 1
557 1
558 0
559 0
560 0
561 0
562 1
563 1
564 1
565 2
566 2
567 3
568 1
569 4
570 0
571 0
572 2
573 0
574 1
575 0
576 0
577 2
578 1
579 1
580 3
581 1
582 1
583 1
584 1
585 1
586 0
587 2
588 1
589 2
590 1
591 1
592 1
593 2
594 1
595 1
596 1
597 1
598 2
599 3
600 1
601 2
602 1
603 1
604 1
605 1
606 2
607 2
608 1
609 1
610 1
611 1
612 1
613 1
614 1
615 1
616 1
617 1
618 1
619 1
620 1
621 4
622 1
623 1
624 0
625 1
626 1
627 1
628 1
629 1
630 1
631 1
632 1
633 1
634 1
635 1
636 1
637 1
638 1
639 1
640 1
641 1
642 1
643 0
644 1
645 0
646 0
647 0
648 0
649 1
650 1
651 1
652 1
653 1
654 1
655 0
656 1
657 1
658 1
659 1
660 1
661 1
662 1
663 1
664 1
665 1
666 1
667 1
668 0
669 0
670 0
671 1
672 1
673 0
674 0
675 0
676 0
677 0
678 0
679 0
680 1
681 0
682 0
683 0
684 1
685 0
686 0
687 0
688 0
689 0
690 0
691 1
692 2
693 0
694 1
695 1
696 1
697 1
698 1
699 1
700 2
701 1
702 0
703 0
704 1
705 1
706 1
707 3
708 1
709 1
710 0
711 1
712 1
713 0
714 1
715 1
716 1
717 1
718 1
719 1
720 1
721 1
722 1
723 1
724 1
725 1
726 1
727 1
728 1
729 1
730 1
731 1
732 1
733 1
734 1
735 1
736 1
737 0
738 0
739 1
740 0
741 1
742 0
743 0
744 0
745 0
746 1
747 0
748 1
749 0
750 1
751 0
752 0
753 1
754 2
755 2
756 0
757 0
758 0
759 0
760 0
761 0
762 0
763 0
764 0
765 1
766 1
767 1
768 1
769 1
770 1
771 0
772 1
773 1
774 0
775 0
776 1
777 1
778 1
779 1
780 1
781 1
782 1
783 1
784 1
785 1
786 1
787 1
788 1
789 1
790 1
791 1
792 0
793 1
794 1
795 1
796 1
797 1
798 0
799 0
800 1
801 1
802 1
803 0
804 0
805 1
806 1
807 1
808 0
809 0
810 1
811 0
812 0
813 1
814 1
815 1
816 1
817 1
818 1
819 1
820 0
821 1
822 1
823 0
824 0
825 1
826 1
827 1
828 1
829 5
830 1
831 0
832 0
833 1
834 0
835 2
836 1
837 0
838 1
839 2
840 0
841 0
842 0
843 0
844 0
845 0
846 0
847 0
848 0
849 1
850 1
851 1
852 0
853 0
854 0
855 0
856 1
857 0
858 0
859 0
860 1
861 0
862 1
863 0
864 0
865 0
866 0
867 0
868 2
869 2
870 1
871 1
872 0
873 1
874 1
875 1
876 0
877 1
878 1
879 1
880 1
881 0
882 1
883 0
884 1
885 1
886 1
887 1
888 1
889 1
890 1
891 1
892 1
893 0
894 1
895 1
896 1
897 1
898 1
899 1
900 1
901 1
902 1
903 0
904 0
905 0
906 1
907 0
908 0
909 1
910 0
911 0
912 0
913 1
914 1
915 1
916 1
917 1
918 1
919 1
920 1
921 1
922 1
923 1
924 1
925 1
926 1
927 1
928 1
929 1
930 0
931 1
932 1
933 1
934 0
935 0
936 1
937 1
938 0
939 0
940 1
941 1
942 0
943 1
944 1
945 0
946 1
947 1
948 1
949 0
950 1
951 1
952 0
953 0
954 1
955 1
956 1
957 1
958 1
959 0
960 0
961 1
962 0
963 0
964 0
965 0
966 0
967 0
968 0
969 2
970 0
971 0
972 1
973 0
974 0
975 0
976 0
977 0
978 0
979 1
980 0
981 0
982 1
983 1
984 0
985 1
986 1
987 1
988 0
989 2
990 1
991 1
992 0
993 0
994 0
995 0
996 1
997 0
998 1
999 1
1000 1
1001 1
1002 0
1003 1
1004 1
1005 1
1006 1
1007 1
1008 0
1009 0
1010 1
1011 1
1012 1
1013 1
1014 1
1015 1
1016 1
1017 1
1018 1
1019 1
1020 1
1021 1
1022 1
1023 1
1024 1
1025 1
1026 1
1027 1
1028 0
1029 1
1030 1
1031 1
1032 1
1033 1
1034 0
1035 1
1036 0
1037 1
1038 0
1039 1
1040 1
1041 0
1042 0
1043 1
1044 1
1045 1
1046 1
1047 1
1048 1
1049 1
1050 1
1051 1
1052 1
1053 1
1054 1
1055 1
1056 1
1057 1
1058 1
1059 1
1060 1
1061 1
1062 1
1063 0
1064 0
1065 0
1066 1
1067 2
1068 1
1069 2
1070 0
1071 0
1072 1
1073 1
1074 1
1075 1
1076 1
1077 1
1078 1
1079 0
1080 1
1081 0
1082 1
1083 1
1084 1
1085 1
1086 0
1087 1
1088 1
1089 1
1090 0
1091 0
1092 0
1093 0
1094 1
1095 0
1096 0
1097 0
1098 4
1099 0
1100 0
1101 1
1102 0
1103 0
1104 0
1105 1
1106 0
1107 0
1108 2
1109 0
1110 0
1111 0
1112 0
1113 0
1114 0
1115 1
1116 1
1117 1
1118 1
1119 1
1120 1
1121 1
1122 1
1123 1
1124 1
1125 1
1126 1
1127 1
1128 1
1129 1
1130 1
1131 1
1132 1
1133 1
1134 1
1135 1
1136 1
1137 1
1138 0
1139 0
1140 0
1141 0
1142 1
1143 1
1144 0
1145 1
1146 0
1147 1
1148 0
1149 1
1150 1
1151 1
1152 0
1153 1
1154 0
1155 1
1156 1
1157 1
1158 1
1159 0
1160 1
1161 1
1162 0
1163 1
1164 1
1165 1
1166 1
1167 1
1168 1
1169 1
1170 0
1171 0
1172 0
1173 0
1174 1
1175 0
1176 0
1177 0
1178 0
1179 0
1180 0
1181 0
1182 1
1183 1
1184 1
1185 1
1186 0
1187 1
1188 1
1189 1
1190 1
1191 1
1192 1
1193 1
1194 1
1195 1
1196 1
1197 1
1198 1
1199 1
1200 1
1201 1
1202 1
1203 1
1204 1
1205 1
1206 0
1207 1
1208 1
1209 0
1210 3
1211 1
1212 1
1213 1
1214 1
1215 1
1216 1
1217 1
1218 1
1219 1
1220 1
1221 1
1222 1
1223 1
1224 1
1225 1
1226 1
1227 1
1228 1
1229 1
1230 1
1231 1
1232 0
1233 0
1234 0
1235 0
1236 0
1237 0
1238 0
1239 1
1240 1
1241 1
1242 1
1243 1
1244 1
1245 1
1246 1
1247 1
1248 1
1249 1
1250 1
1251 1
1252 1
1253 1
1254 1
1255 1
1256 1
1257 1
1258 0
1259 0
1260 0
1261 0
1262 0
1263 0
1264 0
1265 0
1266 0
1267 0
1268 0
1269 0
1270 0
1271 0
1272 0
1273 0
1274 0
1275 1
1276 0
1277 0
1278 1
1279 0
1280 0
1281 2
1282 1
1283 1
1284 0
1285 1
1286 1
1287 1
1288 1
1289 1
1290 1
1291 1
1292 0
1293 1
1294 1
1295 0
1296 1
1297 1
1298 0
1299 1
1300 1
1301 1
1302 1
1303 1
1304 1
1305 1
1306 1
1307 1
1308 1
1309 1
1310 1
1311 1
1312 1
1313 1
1314 1
1315 1
1316 1
1317 1
1318 1
1319 1
1320 0
1321 0
1322 1
1323 1
1324 1
1325 1
1326 1
1327 1
1328 1
1329 1
1330 0
1331 1
1332 0
1333 0
1334 0
1335 1
1336 1
1337 1
1338 1
1339 1
1340 1
1341 1
1342 1
1343 0
1344 0
1345 1
1346 1
1347 1
1348 1
1349 1
1350 0
1351 0
1352 0
1353 1
1354 0
1355 1
1356 1
1357 1
1358 0
1359 1
1360 1
1361 2
1362 0
1363 1
1364 1
1365 0
1366 0
1367 0
1368 0
1369 0
1370 0
1371 0
1372 0
1373 0
1374 0
1375 0
1376 1
1377 0
1378 0
1379 0
1380 1
1381 1
1382 0
1383 0
1384 2
1385 1
1386 1
1387 1
1388 1
1389 1
1390 1
1391 1
1392 1
1393 1
1394 1
1395 1
1396 0
1397 0
1398 1
1399 1
1400 1
1401 1
1402 1
1403 1
1404 1
1405 1
1406 1
1407 1
1408 1
1409 1
1410 0
1411 1
1412 0
1413 1
1414 1
1415 1
1416 1
1417 1
1418 1
1419 1
1420 1
1421 0
1422 1
1423 0
1424 0
1425 1
1426 1
1427 0
1428 1
1429 2
1430 1
1431 1
1432 0
1433 1
1434 0
1435 1
1436 1
1437 0
1438 0
1439 1
1440 1
1441 1
1442 1
1443 1
1444 1
1445 1
1446 1
1447 1
1448 1
1449 1
1450 1
1451 1
1452 1
1453 1
1454 1
1455 0
1456 1
1457 1
1458 1
1459 0
1460 0
1461 0
1462 0
1463 1
1464 1
1465 0
1466 1
1467 0
1468 1
1469 1
1470 0
1471 0
1472 0
1473 0
1474 1
1475 1
1476 1
1477 0
1478 0
1479 0
1480 0
1481 0
1482 0
1483 0
1484 0
1485 0
1486 1
1487 1
1488 1
1489 1
1490 1
1491 1
1492 1
1493 1
1494 1
1495 0
1496 1
1497 1
1498 1
1499 1
1500 1
1501 1
1502 1
1503 1
1504 1
1505 1
1506 2
1507 1
1508 1
1509 1
1510 1
1511 1
1512 1
1513 1
1514 1
1515 1
1516 0
1517 1
1518 1
1519 0
1520 1
1521 1
1522 1
1523 2
1524 0
1525 1
1526 1
1527 1
1528 1
1529 1
1530 1
1531 1
1532 1
1533 1
1534 1
1535 1
1536 1
1537 1
1538 1
1539 0
1540 0
1541 0
1542 0
1543 0
1544 0
1545 0
1546 0
1547 0
1548 0
1549 0
1550 0
1551 0
1552 0
1553 0
1554 0
1555 0
1556 0
1557 0
1558 1
1559 1
1560 1
1561 1
1562 1
1563 0
1564 1
1565 1
1566 1
1567 1
1568 1
1569 1
1570 1
1571 1
1572 1
1573 1
1574 1
1575 1
1576 1
1577 1
1578 0
1579 1
1580 1
1581 1
1582 1
1583 1
1584 1
1585 1
1586 1
1587 1
1588 1
1589 1
1590 1
1591 1
1592 1
1593 1
1594 1
1595 1
1596 1
1597 1
1598 1
1599 2
1600 0
1601 0
1602 1
1603 1
1604 1
1605 0
1606 1
1607 1
1608 1
1609 0
1610 1
1611 1
1612 1
1613 1
1614 0
1615 1
1616 1
1617 0
1618 0
1619 0
1620 0
1621 0
1622 0
1623 0
1624 0
1625 0
1626 0
1627 1
1628 0
1629 0
1630 0
1631 0
1632 0
1633 2
1634 2
1635 0
1636 0
1637 1
1638 0
1639 0
1640 0
1641 1
1642 1
1643 0
1644 1
1645 1
1646 0
1647 1
1648 0
1649 1
1650 1
1651 1
1652 1
1653 1
1654 1
1655 1
1656 1
1657 1
1658 1
1659 1
1660 1
1661 1
1662 1
1663 1
1664 1
1665 1
1666 1
1667 0
1668 0
1669 1
1670 1
1671 0
1672 0
1673 1
1674 1
1675 1
1676 0
1677 1
1678 1
1679 1
1680 1
1681 1
1682 1
1683 1
1684 1
1685 1
1686 1
1687 1
1688 1
1689 1
1690 0
1691 1
1692 0
1693 0
1694 0
1695 1
1696 1
1697 0
1698 1
1699 1
1700 1
1701 0
1702 1
1703 1
1704 0
1705 1
1706 1
1707 1
1708 1
1709 0
1710 1
1711 1
1712 1
1713 1
1714 1
1715 0
1716 1
1717 1
1718 1
1719 0
1720 0
1721 1
1722 0
1723 0
1724 0
1725 0
1726 0
1727 0
1728 0
1729 0
1730 0
1731 0
1732 0
1733 0
1734 1
1735 0
1736 2
1737 2
1738 0
1739 0
1740 0
1741 0
1742 0
1743 0
1744 0
1745 0
1746 0
1747 0
1748 0
1749 2
1750 0
1751 1
1752 1
1753 0
1754 0
1755 1
1756 1
1757 1
1758 1
1759 0
1760 0
1761 1
1762 1
1763 1
1764 1
1765 1
1766 0
1767 1
1768 0
1769 1
1770 0
1771 1
1772 1
1773 1
1774 1
1775 1
1776 1
1777 1
1778 1
1779 1
1780 1
1781 1
1782 0
1783 1
1784 1
1785 1
1786 0
1787 0
1788 1
1789 0
1790 1
1791 1
1792 0
1793 1
1794 1
1795 1
1796 1
1797 1
1798 1
1799 1
1800 1
1801 1
1802 1
1803 0
1804 1
1805 0
1806 0
1807 1
1808 1
1809 1
1810 0
1811 0
1812 1
1813 1
1814 1
1815 1
1816 0
1817 1
1818 0
1819 1
1820 1
1821 1
1822 1
1823 1
1824 1
1825 1
1826 1
1827 1
1828 1
1829 1
1830 0
1831 0
1832 1
1833 1
1834 1
1835 0
1836 1
1837 0
1838 0
1839 0
1840 0
1841 0
1842 1
1843 0
1844 0
1845 0
1846 0
1847 0
1848 0
1849 0
1850 0
1851 0
1852 1
1853 0
1854 0
1855 0
1856 0
1857 0
1858 1
1859 0
1860 1
1861 0
1862 0
1863 1
1864 1
1865 1
1866 2
1867 0
1868 1
1869 1
1870 2
1871 0
1872 1
1873 1
1874 1
1875 1
1876 1
1877 1
1878 1
1879 1
1880 1
1881 1
1882 1
1883 1
1884 1
1885 1
1886 2
1887 0
1888 0
1889 0
1890 1
1891 1
1892 1
1893 1
1894 1
1895 1
1896 1
1897 0
1898 0
1899 0
1900 1
1901 1
1902 1
1903 0
1904 1
1905 1
1906 1
1907 1
1908 1
1909 1
1910 1
1911 0
1912 0
1913 0
1914 1
1915 0
1916 1
1917 1
1918 1
1919 1
1920 1
1921 0
1922 1
1923 1
1924 1
1925 1
1926 1
1927 1
1928 1
1929 1
1930 1
1931 1
1932 1
1933 1
1934 0
1935 0
1936 0
1937 1
1938 0
1939 0
1940 1
1941 1
1942 0
1943 0
1944 0
1945 1
1946 0
1947 0
1948 0
1949 1
1950 1
1951 0
1952 0
1953 1
1954 1
1955 0
1956 0
1957 0
1958 0
1959 0
1960 0
1961 0
1962 0
1963 1
1964 0
1965 0
1966 1
1967 1
1968 1
1969 1
1970 1
1971 1
1972 1
1973 1
1974 1
1975 1
1976 1
1977 1
1978 1
1979 1
1980 0
1981 0
1982 1
1983 0
1984 1
1985 1
1986 1
1987 1
1988 1
1989 1
1990 1
1991 1
1992 1
1993 1
1994 1
1995 1
1996 1
1997 1
1998 1
1999 0
2000 1
2001 1
2002 1
2003 1
2004 1
2005 1
2006 0
2007 1
2008 1
2009 1
2010 1
2011 1
2012 1
2013 0
2014 1
2015 0
2016 1
2017 1
2018 1
2019 1
2020 1
2021 1
2022 1
2023 1
2024 1
2025 1
2026 1
2027 1
2028 1
2029 1
2030 1
2031 1
2032 1
2033 1
2034 0
2035 1
2036 1
2037 0
2038 1
2039 1
2040 1
2041 1
2042 1
2043 1
2044 1
2045 1
2046 1
2047 1
2048 0
2049 1
2050 1
2051 1
2052 1
2053 0
2054 1
2055 2
2056 2
2057 0
2058 0
2059 0
2060 0
2061 0
2062 0
2063 0
2064 0
2065 0
2066 1
2067 0
2068 0
2069 1
2070 0
2071 0
2072 0
2073 0
2074 0
2075 1
2076 0
2077 0
2078 1
2079 0
2080 0
2081 0
2082 0
2083 0
2084 1
2085 0
2086 1
2087 0
2088 1
2089 1
2090 1
2091 1
2092 0
2093 1
2094 1
2095 1
2096 1
2097 1
2098 1
2099 1
2100 1
2101 1
2102 1
2103 1
2104 0
2105 0
2106 1
2107 1
2108 1
2109 1
2110 1
2111 0
2112 1
2113 1
2114 1
2115 1
2116 1
2117 1
2118 1
2119 0
2120 1
2121 1
2122 1
2123 1
2124 1
2125 1
2126 1
2127 0
2128 0
2129 1
2130 1
2131 1
2132 1
2133 1
2134 1
2135 1
2136 1
2137 1
2138 1
2139 1
2140 1
2141 1
2142 1
2143 1
2144 1
2145 1
2146 1
2147 1
2148 0
2149 1
2150 1
2151 1
2152 0
2153 1
2154 1
2155 1
2156 0
2157 1
2158 1
2159 1
2160 1
2161 1
2162 1
2163 1
2164 1
2165 1
2166 1
2167 0
2168 0
2169 0
2170 0
2171 0
2172 0
2173 0
2174 0
2175 0
2176 1
2177 1
2178 0
2179 0
2180 0
2181 0
2182 0
2183 0
2184 0
2185 0
2186 0
2187 0
2188 1
2189 0
2190 3
2191 1
2192 1
2193 1
2194 1
2195 1
2196 1
2197 1
2198 1
2199 0
2200 1
2201 1
2202 1
2203 0
2204 1
2205 1
2206 1
2207 1
2208 1
2209 1
2210 1
2211 1
2212 1
2213 1
2214 1
2215 1
2216 1
2217 1
2218 1
2219 1
2220 1
2221 1
2222 1
2223 1
2224 1
2225 1
2226 1
2227 0
2228 1
2229 1
2230 1
2231 1
2232 1
2233 1
2234 1
2235 1
2236 1
2237 1
2238 1
2239 1
2240 1
2241 1
2242 1
2243 1
2244 1
2245 1
2246 1
2247 0
2248 1
2249 0
2250 0
2251 0
2252 0
2253 0
2254 0
2255 0
2256 1
2257 0
2258 1
2259 1
2260 0
2261 1
2262 1
2263 0
2264 1
2265 1
2266 1
2267 0
2268 1
2269 1
2270 0
2271 1
2272 1
2273 3
2274 3
2275 1
2276 0
2277 1
2278 0
2279 0
2280 0
2281 0
2282 0
2283 0
2284 0
2285 0
2286 0
2287 0
2288 1
2289 1
2290 0
2291 0
2292 0
2293 0
2294 1
2295 1
2296 0
2297 1
2298 1
2299 1
2300 1
2301 1
2302 1
2303 0
2304 1
2305 1
2306 1
2307 1
2308 1
2309 1
2310 1
2311 1
2312 0
2313 1
2314 1
2315 1
2316 1
2317 1
2318 1
2319 0
2320 1
2321 0
2322 1
2323 1
2324 1
2325 1
2326 1
2327 1
2328 1
2329 1
2330 0
2331 0
2332 0
2333 1
2334 0
2335 1
2336 0
2337 1
2338 0
2339 1
2340 1
2341 1
2342 1
2343 1
2344 1
2345 0
2346 1
2347 1
2348 3
2349 1
2350 0
2351 0
2352 0
2353 0
2354 1
2355 0
2356 0
2357 0
2358 0
2359 0
2360 0
2361 0
2362 0
2363 0
2364 0
2365 2
2366 0
2367 0
2368 0
2369 1
2370 1
2371 0
2372 1
2373 1
2374 1
2375 1
2376 0
2377 0
2378 2
2379 2
2380 2
2381 1
2382 1
2383 1
2384 1
2385 1
2386 1
2387 1
2388 1
2389 1
2390 1
2391 1
2392 1
2393 1
2394 1
2395 1
2396 1
2397 0
2398 1
2399 1
2400 1
2401 0
2402 0
2403 1
2404 1
2405 1
2406 1
2407 1
2408 1
2409 1
2410 0
2411 1
2412 1
2413 1
2414 1
2415 1
2416 1
2417 1
2418 1
2419 1
2420 1
2421 1
2422 1
2423 0
2424 1
2425 0
2426 1
2427 1
2428 1
2429 1
2430 1
2431 1
2432 0
2433 1
2434 1
2435 1
2436 1
2437 0
2438 1
2439 1
2440 1
2441 1
2442 1
2443 1
2444 1
2445 0
2446 0
2447 0
2448 0
2449 0
2450 0
2451 0
2452 0
2453 0
2454 0
2455 2
2456 0
2457 0
2458 0
2459 0
2460 0
2461 0
2462 0
2463 0
2464 0
2465 1
2466 2
2467 0
2468 0
2469 0
2470 0
2471 0
2472 0
2473 0
2474 0
2475 1
2476 1
2477 1
2478 1
2479 1
2480 1
2481 1
2482 1
2483 1
2484 1
2485 1
2486 1
2487 1
2488 1
2489 1
2490 1
2491 1
2492 1
2493 1
2494 1
2495 1
2496 1
2497 1
2498 1
2499 1
2500 1
2501 2
2502 4
2503 1
2504 1
2505 1
2506 0
2507 1
2508 1
2509 1
2510 0
2511 1
2512 1
2513 1
2514 1
2515 1
2516 1
2517 1
2518 1
2519 1
2520 1
2521 1
2522 1
2523 0
2524 1
2525 0
2526 0
2527 0
2528 0
2529 1
2530 1
2531 0
2532 1
2533 1
2534 0
2535 1
2536 1
2537 1
2538 1
2539 1
2540 1
2541 1
2542 1
2543 1
2544 1
2545 1
2546 1
2547 0
2548 0
2549 0
2550 0
2551 0
2552 0
2553 0
2554 0
2555 0
2556 0
2557 0
2558 0
2559 0
2560 0
2561 0
2562 0
2563 0
2564 0
2565 1
2566 1
2567 1
2568 1
2569 1
2570 1
2571 1
2572 2
2573 1
2574 1
2575 1
2576 1
2577 1
2578 1
2579 1
2580 0
2581 1
2582 1
2583 1
2584 1
2585 1
2586 1
2587 0
2588 1
2589 1
2590 1
2591 1
2592 1
2593 1
2594 1
2595 0
2596 1
2597 1
2598 1
2599 1
2600 0
2601 1
2602 1
2603 1
2604 1
2605 1
2606 1
2607 1
2608 0
2609 0
2610 1
2611 0
2612 1
2613 1
2614 1
2615 0
2616 1
2617 1
2618 0
2619 1
2620 1
2621 1
2622 0
2623 1
2624 0
2625 1
2626 1
2627 1
2628 1
2629 1
2630 0
2631 0
2632 0
2633 0
2634 0
2635 0
2636 0
2637 0
2638 1
2639 1
2640 0
2641 0
2642 0
2643 0
2644 0
2645 0
2646 0
2647 4
2648 4
2649 3
2650 3
2651 1
2652 1
2653 1
2654 1
2655 1
2656 1
2657 2
2658 0
2659 2
2660 1
2661 1
2662 1
2663 1
2664 1
2665 1
2666 1
2667 1
2668 1
2669 1
2670 1
2671 1
2672 1
2673 1
2674 1
2675 1
2676 1
2677 1
2678 1
2679 2
2680 1
2681 1
2682 1
2683 0
2684 0
2685 0
2686 1
2687 1
2688 1
2689 1
2690 1
2691 1
2692 1
2693 1
2694 1
2695 1
2696 0
2697 1
2698 0
2699 1
2700 1
2701 1
2702 1
2703 1
2704 0
2705 1
2706 1
2707 1
2708 1
2709 1
2710 0
2711 0
2712 0
2713 0
2714 0
2715 0
2716 1
2717 0
2718 1
2719 0
2720 1
2721 1
2722 0
2723 1
2724 0
2725 0
2726 0
2727 1
2728 1
2729 0
2730 1
2731 1
2732 0
2733 1
2734 1
2735 0
2736 1
2737 0
2738 0
2739 0
2740 0
2741 0
2742 0
2743 0
2744 0
2745 0
2746 1
2747 4
2748 0
2749 1
2750 1
2751 1
2752 2
2753 1
2754 1
2755 1
2756 1
2757 0
2758 1
2759 1
2760 1
2761 1
2762 1
2763 1
2764 1
2765 1
2766 0
2767 1
2768 1
2769 1
2770 1
2771 1
2772 0
2773 0
2774 1
2775 0
2776 0
2777 1
2778 0
2779 1
2780 1
2781 1
2782 1
2783 1
2784 1
2785 0
2786 1
2787 1
2788 1
2789 1
2790 1
2791 1
2792 1
2793 1
2794 1
2795 1
2796 1
2797 1
2798 1
2799 1
2800 1
2801 1
2802 0
2803 1
2804 1
2805 1
2806 1
2807 0
2808 0
2809 1
2810 1
2811 1
2812 1
2813 1
2814 1
2815 1
2816 0
2817 1
2818 0
2819 0
2820 0
2821 0
2822 0
2823 0
2824 0
2825 0
2826 0
2827 0
2828 0
2829 0
2830 0
2831 0
2832 0
2833 4
2834 2
2835 1
2836 1
2837 1
2838 1
2839 1
2840 1
2841 1
2842 1
2843 1
2844 1
2845 0
2846 1
2847 1
2848 1
2849 0
2850 0
2851 0
2852 1
2853 1
2854 2
2855 2
2856 1
2857 1
2858 1
2859 1
2860 1
2861 1
2862 1
2863 1
2864 1
2865 1
2866 1
2867 1
2868 1
2869 1
2870 1
2871 1
2872 1
2873 1
2874 0
2875 1
2876 1
2877 2
2878 1
2879 0
2880 0
2881 0
2882 1
2883 1
2884 0
2885 2
2886 1
2887 1
2888 1
2889 0
2890 1
2891 1
2892 0
2893 1
2894 1
2895 0
2896 1
2897 0
2898 1
2899 1
2900 1
2901 0
2902 1
2903 1
2904 0
2905 1
2906 1
2907 0
2908 1
2909 2
2910 1
2911 1
2912 1
2913 1
2914 1
2915 1
2916 1
2917 1
2918 1
2919 1
2920 1
2921 1
2922 1
2923 1
2924 0
2925 0
2926 0
2927 0
2928 0
2929 0
2930 0
2931 0
2932 0
2933 2
2934 0
2935 0
2936 1
2937 0
2938 0
2939 0
2940 0
2941 0
2942 0
2943 0
2944 0
2945 1
2946 1
2947 0
2948 2
2949 1
2950 0
2951 0
2952 1
2953 1
2954 1
2955 1
2956 1
2957 1
2958 1
2959 1
2960 0
2961 2
2962 1
2963 1
2964 1
2965 1
2966 1
2967 3
2968 1
2969 1
2970 1
2971 1
2972 1
2973 1
2974 1
2975 1
2976 2
2977 1
2978 1
2979 2
2980 0
2981 0
2982 1
2983 1
2984 1
2985 1
2986 1
2987 1
2988 1
2989 1
2990 0
2991 1
2992 1
2993 1
2994 1
2995 0
2996 1
2997 1
2998 1
2999 1
3000 1
3001 1
3002 1
3003 1
3004 1
3005 1
3006 0
3007 1
3008 0
3009 0
3010 1
3011 1
3012 1
3013 1
3014 1
3015 1
3016 1
3017 1
3018 1
3019 1
3020 1
3021 0
3022 1
3023 1
3024 1
3025 0
3026 0
3027 0
3028 0
3029 0
3030 0
3031 0
3032 0
3033 0
3034 0
3035 0
3036 0
3037 0
3038 0
3039 0
3040 0
3041 0
3042 0
3043 1
3044 1
3045 2
3046 0
3047 0
3048 2
3049 1
3050 0
3051 1
3052 1
3053 1
3054 1
3055 1
3056 1
3057 1
3058 1
3059 1
3060 1
3061 1
3062 1
3063 1
3064 1
3065 1
3066 1
3067 1
3068 1
3069 1
3070 2
3071 1
3072 1
3073 1
3074 1
3075 1
3076 1
3077 1
3078 1
3079 1
3080 1
3081 1
3082 1
3083 1
3084 1
3085 1
3086 0
3087 1
3088 1
3089 0
3090 0
3091 0
3092 2
3093 0
3094 1
3095 0
3096 1
3097 1
3098 1
3099 0
3100 1
3101 0
3102 1
3103 1
3104 0
3105 1
3106 1
3107 1
3108 1
3109 0
3110 1
3111 1
3112 0
3113 0
3114 1
3115 0
3116 1
3117 1
3118 1
3119 1
3120 1
3121 0
3122 1
3123 0
3124 0
3125 1
3126 0
3127 0
3128 0
3129 0
3130 0
3131 0
3132 0
3133 0
3134 0
3135 0
3136 0
3137 1
3138 0
3139 1
3140 1
3141 1
3142 1
3143 1
3144 1
3145 1
3146 1
3147 1
3148 1
3149 1
3150 1
3151 0
3152 0
3153 1
3154 1
3155 1
3156 0
3157 1
3158 1
3159 1
3160 1
3161 1
3162 1
3163 1
3164 1
3165 1
3166 0
3167 1
3168 1
3169 1
3170 1
3171 1
3172 1
3173 0
3174 1
3175 1
3176 1
3177 1
3178 0
3179 0
3180 1
3181 1
3182 1
3183 1
3184 1
3185 1
3186 1
3187 1
3188 2
3189 1
3190 1
3191 1
3192 1
3193 1
3194 1
3195 0
3196 0
3197 1
3198 0
3199 0
3200 0
3201 1
3202 1
3203 1
3204 0
3205 1
3206 1
3207 0
3208 0
3209 0
3210 0
3211 0
3212 0
3213 0
3214 0
3215 0
3216 0
3217 0
3218 0
3219 0
3220 0
3221 0
3222 1
3223 1
3224 0
3225 1
3226 1
3227 1
3228 1
3229 1
3230 1
3231 1
3232 1
3233 1
3234 1
3235 1
3236 1
3237 1
3238 1
3239 1
3240 1
3241 1
3242 1
3243 1
3244 1
3245 0
3246 0
3247 1
3248 1
3249 1
3250 1
3251 1
3252 1
3253 1
3254 1
3255 1
3256 1
3257 1
3258 1
3259 1
3260 1
3261 1
3262 1
3263 1
3264 1
3265 1
3266 0
3267 1
3268 0
3269 0
3270 1
3271 1
3272 1
3273 1
3274 1
3275 1
3276 1
3277 1
3278 1
3279 1
3280 0
3281 1
3282 1
3283 0
3284 1
3285 1
3286 1
3287 1
3288 0
3289 1
3290 1
3291 1
3292 2
3293 2
3294 0
3295 0
3296 1
3297 0
3298 0
3299 1
3300 1
3301 1
3302 1
3303 1
3304 1
3305 0
3306 1
3307 1
3308 1
3309 0
3310 1
3311 1
3312 1
3313 1
3314 0
3315 0
3316 0
3317 0
3318 0
3319 0
3320 0
3321 0
3322 0
3323 0
3324 0
3325 0
3326 0
3327 0
3328 0
3329 1
3330 1
3331 1
3332 1
3333 1
3334 1
3335 1
3336 1
3337 1
3338 1
3339 1
3340 1
3341 1
3342 1
3343 1
3344 1
3345 1
3346 1
3347 1
3348 1
3349 1
3350 1
3351 1
3352 1
3353 1
3354 1
3355 1
3356 1
3357 1
3358 1
3359 1
3360 1
3361 0
3362 1
3363 0
3364 1
3365 1
3366 1
3367 1
3368 1
3369 1
3370 1
3371 1
3372 1
3373 0
3374 1
3375 1
3376 1
3377 0
3378 1
3379 1
3380 0
3381 1
3382 1
3383 1
3384 1
3385 0
3386 0
3387 0
3388 1
3389 1
3390 1
3391 0
3392 1
3393 0
3394 0
3395 1
3396 0
3397 0
3398 1
3399 1
3400 0
3401 1
3402 1
3403 0
3404 0
3405 0
3406 0
3407 0
3408 0
3409 0
3410 0
3411 0
3412 0
3413 0
3414 2
3415 1
3416 1
3417 1
3418 1
3419 1
3420 1
3421 1
3422 1
3423 1
3424 1
3425 1
3426 1
3427 1
3428 1
3429 1
3430 1
3431 0
3432 1
3433 1
3434 1
3435 1
3436 1
3437 1
3438 1
3439 1
3440 1
3441 1
3442 1
3443 1
3444 1
3445 1
3446 1
3447 1
3448 1
3449 1
3450 0
3451 0
3452 1
3453 0
3454 1
3455 0
3456 0
3457 1
3458 1
3459 1
3460 1
3461 1
3462 1
3463 1
3464 1
3465 1
3466 1
3467 1
3468 0
3469 1
3470 1
3471 1
3472 1
3473 1
3474 1
3475 1
3476 1
3477 1
3478 1
3479 1
3480 1
3481 1
3482 1
3483 1
3484 1
3485 1
3486 0
3487 1
3488 0
3489 0
3490 0
3491 0
3492 0
3493 0
3494 0
3495 0
3496 0
3497 0
3498 0
3499 0
3500 0
3501 0
3502 0
3503 0
3504 0
3505 0
3506 1
3507 1
3508 1
3509 1
3510 1
3511 1
3512 1
3513 1
3514 1
3515 1
3516 1
3517 1
3518 1
3519 1
3520 1
3521 1
3522 1
3523 1
3524 1
3525 1
3526 1
3527 0
3528 1
3529 1
3530 0
3531 0
3532 1
3533 1
3534 1
3535 1
3536 1
3537 1
3538 1
3539 1
3540 1
3541 1
3542 1
3543 1
3544 1
3545 1
3546 0
3547 1
3548 1
3549 1
3550 1
3551 1
3552 1
3553 1
3554 1
3555 0
3556 1
3557 1
3558 1
3559 0
3560 1
3561 1
3562 1
3563 1
3564 1
3565 1
3566 1
3567 1
3568 2
3569 1
3570 1
3571 1
3572 1
3573 4
3574 2
3575 0
3576 1
3577 1
3578 0
3579 2
3580 3
3581 0
3582 0
3583 0
3584 1
3585 1
3586 0
3587 0
3588 1
3589 0
3590 2
3591 1
3592 0
3593 1
3594 2
3595 1
3596 1
3597 1
3598 1
3599 1
3600 1
3601 1
3602 2
3603 2
3604 3
3605 1
3606 2
3607 0
3608 0
3609 0
3610 2
3611 0
3612 1
3613 0
3614 2
3615 1
3616 0
3617 1
3618 2
3619 3
3620 0
3621 0
3622 0
3623 0
3624 0
3625 2
3626 0
3627 2
3628 0
3629 0
3630 0
3631 0
3632 4
3633 1
3634 0
3635 0
3636 0
3637 0
3638 3
3639 0
3640 1
3641 3
3642 0
3643 0
3644 0
3645 2
3646 4
3647 2
3648 1
3649 2
3650 0
3651 2
3652 3
3653 1
3654 0
3655 1
3656 3
3657 1
3658 0
3659 0
3660 1
3661 1
3662 0
3663 3
3664 3
3665 1
3666 1
3667 1
3668 1
3669 1
3670 1
3671 1
3672 1
3673 1
3674 1
3675 1
3676 1
3677 1
3678 4
3679 1
3680 1
3681 4
3682 1
3683 2
3684 0
3685 3
3686 1
3687 1
3688 0
3689 1
3690 1
3691 0
3692 2
3693 1
3694 1
3695 1
3696 2
3697 1
3698 1
3699 1
3700 3
3701 1
3702 1
3703 1
3704 2
3705 1
3706 1
3707 4
3708 1
3709 1
3710 1
3711 1
3712 3
3713 1
3714 1
3715 1
3716 1
3717 1
3718 2
3719 2
3720 1
3721 1
3722 2
3723 0
3724 2
3725 1
3726 1
3727 1
3728 2
3729 2
3730 1
3731 1
3732 1
3733 1
3734 1
3735 1
3736 1
3737 5
3738 5
3739 1
3740 1
3741 1
3742 1
3743 1
3744 1
3745 1
3746 1
3747 3
3748 1
3749 1
3750 1
3751 1
3752 1
3753 3
3754 0
3755 3
3756 1
3757 1
3758 1
3759 0
3760 0
3761 0
3762 2
3763 2
3764 1
3765 1
3766 3
3767 1
3768 4
3769 1
3770 0
3771 1
3772 0
3773 0
3774 1
3775 1
3776 0
3777 0
3778 0
3779 2
3780 1
3781 1
3782 1
3783 1
3784 1
3785 1
3786 1
3787 1
3788 1
3789 1
3790 0
3791 1
3792 0
3793 2
3794 2
3795 1
3796 1
3797 1
3798 0
3799 0
3800 2
3801 1
3802 0
3803 3
3804 0
3805 0
3806 3
3807 4
3808 2
3809 0
3810 0
3811 3
3812 0
3813 0
3814 0
3815 0
3816 0
3817 2
3818 2
3819 0
3820 0
3821 0
3822 0
3823 4
3824 4
3825 0
3826 0
3827 5
3828 3
3829 3
3830 3
3831 0
3832 0
3833 0
3834 1
3835 0
3836 1
3837 1
3838 0
3839 1
3840 0
3841 2
3842 0
3843 0
3844 0
3845 0
3846 1
3847 2
3848 2
3849 1
3850 0
3851 0
3852 1
3853 2
3854 0
3855 0
3856 0
3857 0
3858 0
3859 0
3860 1
3861 1
3862 0
3863 0
3864 2
3865 1
3866 1
3867 1
3868 1
3869 1
3870 1
3871 1
3872 1
3873 0
3874 1
3875 1
3876 1
3877 0
3878 1
3879 1
3880 0
3881 0
3882 0
3883 0
3884 0
3885 0
3886 2
3887 1
3888 1
3889 0
3890 1
3891 1
3892 2
3893 2
3894 1
3895 0
3896 1
3897 0
3898 1
3899 1
3900 1
3901 1
3902 0
3903 1
3904 1
3905 0
3906 0
3907 1
3908 1
3909 1
3910 0
3911 1
3912 1
3913 1
3914 1
3915 1
3916 1
3917 1
3918 0
3919 0
3920 0
3921 1
3922 0
3923 1
3924 0
3925 1
3926 0
3927 1
3928 2
3929 0
3930 1
3931 1
3932 1
3933 1
3934 1
3935 0
3936 0
3937 1
3938 1
3939 1
3940 0
3941 1
3942 1
3943 1
3944 0
3945 1
3946 1
3947 0
3948 1
3949 1
3950 0
3951 0
3952 0
3953 0
3954 1
3955 1
3956 1
3957 0
3958 0
3959 1
3960 0
3961 0
3962 1
3963 1
3964 1
3965 1
3966 1
3967 1
3968 1
3969 1
3970 1
3971 1
3972 1
3973 1
3974 1
3975 1
3976 1
3977 0
3978 1
3979 0
3980 0
3981 0
3982 1
3983 1
3984 1
3985 0
3986 2
3987 0
3988 0
3989 0
3990 0
3991 0
3992 1
3993 0
3994 1
3995 0
3996 0
3997 0
3998 1
3999 0
4000 0
4001 0
4002 0
4003 0
4004 0
4005 0
4006 2
4007 0
4008 0
4009 0
4010 0
4011 0
4012 0
4013 0
4014 0
4015 0
4016 0
4017 1
4018 0
4019 0
4020 0
4021 0
4022 0
4023 0
4024 1
4025 1
4026 0
4027 0
4028 1
4029 0
4030 1
4031 0
4032 1
4033 0
4034 0
4035 1
4036 0
4037 1
4038 0
4039 1
4040 0
4041 2
4042 0
4043 1
4044 0
4045 0
4046 1
4047 1
4048 1
4049 0
4050 1
4051 1
4052 0
4053 1
4054 1
4055 1
4056 0
4057 0
4058 0
4059 0
4060 0
4061 1
4062 1
4063 0
4064 0
4065 0
4066 1
4067 1
4068 0
4069 1
4070 1
4071 0
4072 1
4073 0
4074 0
4075 0
4076 1
4077 1
4078 0
4079 1
4080 0
4081 1
4082 1
4083 1
4084 1
4085 1
4086 1
4087 2
4088 0
4089 1
4090 0
4091 0
4092 1
4093 1
4094 1
4095 1
4096 0
4097 1
4098 0
4099 0
4100 1
4101 1
4102 1
4103 0
4104 0
4105 1
4106 1
4107 1
4108 1
4109 0
4110 1
4111 1
4112 1
4113 1
4114 0
4115 1
4116 2
4117 0
4118 1
4119 1
4120 1
4121 0
4122 1
4123 0
4124 1
4125 1
4126 1
4127 1
4128 1
4129 0
4130 0
4131 0
4132 0
4133 0
4134 0
4135 0
4136 0
4137 0
4138 0
4139 0
4140 0
4141 0
4142 0
4143 0
4144 0
4145 1
4146 1
4147 1
4148 1
4149 1
4150 1
4151 1
4152 1
4153 1
4154 1
4155 0
4156 1
4157 1
4158 1
4159 1
4160 1
4161 1
4162 1
4163 1
4164 1
4165 1
4166 1
4167 1
4168 1
4169 0
4170 1
4171 1
4172 1
4173 1
4174 1
4175 1
4176 1
4177 1
4178 1
4179 1
4180 1
4181 1
4182 2
4183 2
4184 3
4185 3
4186 1
4187 1
4188 3
4189 1
4190 1
4191 1
4192 1
4193 1
4194 1
4195 0
4196 0
4197 1
4198 0
4199 0
4200 0
4201 0
4202 2
4203 2
4204 1
4205 1
4206 0
4207 0
4208 2
4209 1
4210 0
4211 1
4212 1
4213 1
4214 2
4215 0
4216 1
4217 4
4218 1
4219 1
4220 1
4221 1
4222 1
4223 1
4224 0
4225 1
4226 1
4227 4
4228 1
4229 2
4230 3
4231 3
4232 1
4233 0
4234 0
4235 0
4236 3
4237 3
4238 0
4239 0
4240 2
4241 0
4242 0
4243 0
4244 2
4245 2
4246 0
4247 0
4248 2
4249 0
4250 0
4251 3
4252 0
4253 0
4254 1
4255 0
4256 0
4257 0
4258 0
4259 0
4260 0
4261 0
4262 2
4263 2
4264 4
4265 0
4266 1
4267 1
4268 2
4269 2
4270 2
4271 1
4272 5
4273 4
4274 0
4275 3
4276 1
4277 1
4278 1
4279 3
4280 1
4281 3
4282 1
4283 1
4284 1
4285 1
4286 1
4287 1
4288 2
4289 1
4290 1
4291 0
4292 1
4293 1
4294 1
4295 1
4296 1
4297 0
4298 1
4299 1
4300 1
4301 1
4302 1
4303 1
4304 1
4305 1
4306 1
4307 1
4308 2
4309 2
4310 1
4311 0
4312 1
4313 0
4314 1
4315 1
4316 1
4317 1
4318 1
4319 1
4320 1
4321 1
4322 1
4323 1
4324 1
4325 1
4326 0
4327 1
4328 1
4329 0
4330 1
4331 1
4332 1
4333 1
4334 0
4335 1
4336 1
4337 1
4338 1
4339 1
4340 1
4341 1
4342 1
4343 1
4344 1
4345 0
4346 0
4347 0
4348 0
4349 0
4350 0
4351 0
4352 0
4353 0
4354 0
4355 0
4356 0
4357 0
4358 0
4359 0
4360 0
4361 1
4362 1
4363 1
4364 1
4365 1
4366 1
4367 1
4368 1
4369 1
4370 1
4371 1
4372 1
4373 1
4374 1
4375 1
4376 1
4377 1
4378 2
4379 1
4380 1
4381 1
4382 1
4383 1
4384 0
4385 1
4386 1
4387 1
4388 0
4389 1
4390 1
4391 1
4392 1
4393 1
4394 1
4395 0
4396 1
4397 1
4398 0
4399 1
4400 0
4401 1
4402 1
4403 0
4404 2
4405 2
4406 0
4407 1
4408 1
4409 0
4410 0
4411 1
4412 0
4413 1
4414 1
4415 0
4416 1
4417 1
4418 0
4419 1
4420 0
4421 0
4422 0
4423 0
4424 0
4425 0
4426 1
4427 1
4428 1
4429 0
4430 1
4431 0
4432 0
4433 0
4434 0
4435 0
4436 0
4437 2
4438 1
4439 1
4440 1
4441 1
4442 1
4443 1
4444 1
4445 1
4446 1
4447 1
4448 0
4449 1
4450 1
4451 1
4452 1
4453 0
4454 1
4455 1
4456 1
4457 1
4458 1
4459 1
4460 1
4461 0
4462 1
4463 2
4464 2
4465 1
4466 1
4467 1
4468 1
4469 1
4470 1
4471 1
4472 0
4473 0
4474 0
4475 1
4476 1
4477 1
4478 1
4479 1
4480 1
4481 0
4482 0
4483 1
4484 0
4485 0
4486 1
4487 1
4488 1
4489 0
4490 0
4491 0
4492 1
4493 0
4494 0
4495 1
4496 1
4497 0
4498 0
4499 0
4500 0
4501 0
4502 4
4503 1
4504 1
4505 1
4506 1
4507 1
4508 1
4509 0
4510 1
4511 1
4512 1
4513 2
4514 1
4515 1
4516 1
4517 1
4518 1
4519 1
4520 1
4521 1
4522 1
4523 1
4524 1
4525 1
4526 1
4527 1
4528 1
4529 1
4530 1
4531 1
4532 0
4533 1
4534 2
4535 2
4536 0
4537 0
4538 0
4539 1
4540 0
4541 1
4542 1
4543 1
4544 1
4545 1
4546 0
4547 1
4548 2
4549 1
4550 0
4551 1
4552 1
4553 1
4554 1
4555 1
4556 0
4557 1
4558 2
4559 1
4560 2
4561 1
4562 0
4563 1
4564 0
4565 1
4566 1
4567 0
4568 4
4569 1
4570 0
4571 0
4572 2
4573 1
4574 1
4575 1
4576 1
4577 1
4578 1
4579 1
4580 4
4581 0
4582 1
4583 0
4584 1
4585 0
4586 0
4587 0
4588 2
4589 0
4590 0
4591 0
4592 0
4593 0
4594 0
4595 0
4596 0
4597 1
4598 1
4599 0
4600 0
4601 3
4602 1
4603 0
4604 1
4605 0
4606 1
4607 4
4608 1
4609 0
4610 2
4611 1
4612 1
4613 1
4614 1
4615 0
4616 1
4617 1
4618 3
4619 1
4620 1
4621 3
4622 3
4623 2
4624 1
4625 1
4626 2
4627 2
4628 1
4629 1
4630 1
4631 1
4632 1
4633 1
4634 0
4635 1
4636 1
4637 1
4638 1
4639 2
4640 2
4641 2
4642 1
4643 1
4644 1
4645 1
4646 1
4647 1
4648 1
4649 1
4650 1
4651 1
4652 1
4653 2
4654 0
4655 2
4656 1
4657 2
4658 1
4659 0
4660 1
4661 1
4662 1
4663 1
4664 1
4665 1
4666 0
4667 1
4668 1
4669 1
4670 1
4671 1
4672 1
4673 2
4674 1
4675 2
4676 2
4677 2
4678 1
4679 0
4680 0
4681 2
4682 0
4683 0
4684 0
4685 0
4686 2
4687 0
4688 0
4689 0
4690 0
4691 0
4692 2
4693 0
4694 0
4695 0
4696 1
4697 2
4698 4
4699 1
4700 0
4701 2
4702 2
4703 2
4704 1
4705 1
4706 1
4707 1
4708 1
4709 1
4710 1
4711 1
4712 1
4713 1
4714 1
4715 1
4716 0
4717 1
4718 1
4719 1
4720 1
4721 1
4722 1
4723 1
4724 1
4725 1
4726 1
4727 1
4728 1
4729 0
4730 0
4731 0
4732 2
4733 0
4734 2
4735 1
4736 1
4737 1
4738 1
4739 1
4740 1
4741 1
4742 1
4743 1
4744 1
4745 0
4746 0
4747 1
4748 1
4749 0
4750 1
4751 1
4752 1
4753 0
4754 1
4755 0
4756 1
4757 1
4758 1
4759 0
4760 1
4761 1
4762 1
4763 1
4764 1
4765 4
4766 0
4767 1
4768 0
4769 1
4770 1
4771 1
4772 1
4773 3
4774 0
4775 2
4776 1
4777 2
4778 1
4779 1
4780 1
4781 1
4782 1
4783 1
4784 1
4785 1
4786 1
4787 1
4788 1
4789 1
4790 1
4791 1
4792 1
4793 2
4794 0
4795 1
4796 0
4797 2
4798 0
4799 0
4800 0
4801 0
4802 0
4803 0
4804 0
4805 0
4806 0
4807 0
4808 0
4809 0
4810 0
4811 0
4812 0
4813 0
4814 0
4815 0
4816 2
4817 0
4818 3
4819 0
4820 1
4821 1
4822 1
4823 0
4824 1
4825 1
4826 1
4827 0
4828 0
4829 2
4830 1
4831 3
4832 1
4833 1
4834 1
4835 1
4836 1
4837 1
4838 1
4839 0
4840 1
4841 1
4842 1
4843 1
4844 1
4845 1
4846 1
4847 0
4848 1
4849 0
4850 0
4851 1
4852 0
4853 0
4854 2
4855 0
4856 1
4857 1
4858 1
4859 1
4860 1
4861 1
4862 1
4863 1
4864 2
4865 1
4866 1
4867 2
4868 1
4869 1
4870 1
4871 1
4872 1
4873 1
4874 1
4875 1
4876 0
4877 0
4878 0
4879 0
4880 2
4881 0
4882 3
4883 1
4884 2
4885 0
4886 0
4887 1
4888 0
4889 0
4890 1
4891 0
4892 0
4893 2
4894 1
4895 1
4896 0
4897 1
4898 1
4899 1
4900 1
4901 1
4902 0
4903 0
4904 1
4905 0
4906 0
4907 1
4908 1
4909 3
4910 1
4911 2
4912 0
4913 0
4914 1
4915 1
4916 1
4917 0
4918 0
4919 1
4920 2
4921 1
4922 0
4923 1
4924 1
4925 0
4926 0
4927 0
4928 0
4929 2
4930 0
4931 0
4932 0
4933 0
4934 1
4935 2
4936 2
4937 0
4938 2
4939 0
4940 1
4941 1
4942 1
4943 1
4944 1
4945 1
4946 1
4947 1
4948 1
4949 1
4950 1
4951 1
4952 1
4953 1
4954 1
4955 0
4956 1
4957 1
4958 1
4959 1
4960 1
4961 1
4962 2
4963 0
4964 0
4965 1
4966 1
4967 1
4968 0
4969 1
4970 1
4971 1
4972 1
4973 1
4974 1
4975 1
4976 1
4977 1
4978 1
4979 1
4980 1
4981 1
4982 1
4983 1
4984 1
4985 1
4986 1
4987 1
4988 1
4989 0
4990 0
4991 3
4992 0
4993 1
4994 1
4995 0
4996 2
4997 2
4998 0
4999 0
5000 1
5001 1
5002 1
5003 1
5004 0
5005 1
5006 0
5007 1
5008 0
5009 1
5010 1
5011 0
5012 1
5013 1
5014 0
5015 1
5016 0
5017 1
5018 1
5019 1
5020 2
5021 0
5022 1
5023 0
5024 1
5025 1
5026 1
5027 1
5028 1
5029 1
5030 0
5031 1
5032 1
5033 1
5034 1
5035 1
5036 0
5037 0
5038 1
5039 1
5040 0
5041 0
5042 0
5043 1
5044 0
5045 0
5046 0
5047 0
5048 0
5049 0
5050 0
5051 0
5052 0
5053 1
5054 0
5055 0
5056 0
5057 0
5058 0
5059 0
5060 0
5061 2
5062 0
5063 1
5064 0
5065 1
5066 1
5067 0
5068 1
5069 0
5070 2
5071 1
5072 0
5073 0
5074 2
5075 2
5076 1
5077 1
5078 0
5079 0
5080 1
5081 0
5082 1
5083 2
5084 1
5085 0
5086 0
5087 0
5088 1
5089 0
5090 1
5091 0
5092 1
5093 1
5094 0
5095 1
5096 0
5097 1
5098 1
5099 0
5100 0
5101 3
5102 0
5103 1
5104 0
5105 1
5106 0
5107 1
5108 0
5109 2
5110 0
5111 1
5112 0
5113 0
5114 1
5115 0
5116 0
5117 0
5118 1
5119 3
5120 1
5121 1
5122 0
5123 0
5124 1
5125 0
5126 2
5127 0
5128 0
5129 1
5130 0
5131 1
5132 0
5133 0
5134 1
5135 0
5136 2
5137 1
5138 2
5139 0
5140 1
5141 0
5142 0
5143 1
5144 2
5145 1
5146 0
5147 0
5148 3
5149 2
5150 2
5151 2
5152 1
5153 1
5154 1
5155 0
5156 2
5157 1
5158 0
5159 4
5160 4
5161 1
5162 0
5163 1
5164 2
5165 0
5166 2
5167 2
5168 2
5169 3
5170 1
5171 1
5172 1
5173 0
5174 3
5175 3
5176 0
5177 0
5178 2
5179 0
5180 1
5181 1
5182 1
5183 2
5184 3
5185 0
5186 0
5187 1
5188 3
5189 3
5190 2
5191 0
5192 3
5193 1
5194 1
5195 1
5196 1
5197 3
5198 1
5199 0
5200 5
5201 3
5202 2
5203 1
5204 4
5205 2
5206 1
5207 1
5208 1
5209 0
5210 1
5211 1
5212 2
5213 3
5214 3
5215 0
5216 1
5217 0
5218 1
5219 1
5220 1
5221 1
5222 1
5223 2
5224 0
5225 3
5226 2
5227 1
5228 0
5229 1
5230 1
5231 3
5232 2
5233 1
5234 2
5235 1
5236 4
5237 1
5238 0
5239 0
5240 1
5241 0
5242 3
5243 2
5244 4
5245 2
5246 1
5247 1
5248 0
5249 1
5250 3
5251 0
5252 1
5253 0
5254 2
5255 0
5256 1
5257 1
5258 1
5259 3
5260 2
5261 0
5262 2
5263 0
5264 2
5265 1
5266 2
5267 0
5268 1
5269 1
5270 2
5271 1
5272 1
5273 0
5274 0
5275 2
5276 0
5277 0
5278 1
5279 2
5280 1
5281 1
5282 2
5283 4
5284 2
5285 2
5286 1
5287 0
5288 1
5289 1
5290 2
5291 1
5292 2
5293 0
5294 2
5295 0
5296 0
5297 3
5298 0
5299 0
5300 5
5301 2
5302 0
5303 0
5304 1
5305 1
5306 1
5307 1
5308 1
5309 2
5310 0
5311 3
5312 0
5313 2
5314 2
5315 3
5316 0
5317 3
5318 0
5319 1
5320 1
5321 3
5322 2
5323 0
5324 1
5325 1
5326 1
5327 1
5328 2
5329 2
5330 1
5331 1
5332 1
5333 2
5334 2
5335 3
5336 1
5337 1
5338 3
5339 0
5340 3
5341 2
5342 2
5343 2
5344 0
5345 2
5346 2
5347 3
5348 0
5349 2
5350 0
5351 1
5352 1
5353 1
5354 3
5355 1
5356 2
5357 0
5358 4
5359 1
5360 0
5361 1
5362 3
5363 0
5364 0
5365 1
5366 1
5367 4
5368 1
5369 1
5370 1
5371 4
5372 4
5373 0
5374 0
5375 1
5376 1
5377 0
5378 1
5379 2
5380 2
5381 0
5382 0
5383 1
5384 5
5385 3
5386 1
5387 0
5388 1
5389 5
5390 2
5391 0
5392 2
5393 1
5394 3
5395 1
5396 0
5397 3
5398 1
5399 3
5400 0
5401 0
5402 3
5403 4
5404 1
5405 3
5406 0
5407 2
5408 0
5409 1
5410 2
5411 2
5412 2
5413 1
5414 1
5415 0
5416 2
5417 0
5418 1
5419 1
5420 1
5421 1
5422 1
5423 1
5424 1
5425 1
5426 0
5427 1
5428 2
5429 1
5430 0
5431 3
5432 2
5433 1
5434 1
5435 1
5436 2
5437 3
5438 0
5439 0
5440 2
5441 2
5442 0
5443 4
5444 2
5445 0
5446 3
5447 1
5448 2
5449 0
5450 0
5451 5
5452 3
5453 1
5454 1
5455 2
5456 3
5457 0
5458 1
5459 1
5460 2
5461 1
5462 2
5463 3
5464 0
5465 1
5466 1
5467 1
5468 1
5469 1
5470 2
5471 2
5472 1
5473 1
5474 4
5475 0
5476 1
5477 1
5478 3
5479 3
5480 0
5481 3
5482 0
5483 0
5484 2
5485 3
5486 0
5487 4
5488 0
5489 4
5490 0
5491 2
5492 2
5493 3
5494 2
5495 1
5496 4
5497 0
5498 1
5499 1
5500 1
5501 0
5502 0
5503 0
5504 1
5505 0
5506 0
5507 0
5508 0
5509 0
5510 0
5511 1
5512 0
5513 1
5514 0
5515 0
5516 0
5517 1
5518 0
5519 1
5520 0
5521 2
5522 0
5523 0
5524 0
5525 1
5526 0
5527 0
5528 0
5529 2
5530 2
5531 0
5532 0
5533 1
5534 0
5535 0
5536 0
5537 0
5538 1
5539 0
5540 0
5541 0
5542 0
5543 1
5544 0
5545 1
5546 0
5547 0
5548 1
5549 0
5550 1
5551 0
5552 1
5553 2
5554 0
5555 1
5556 0
5557 0
5558 0
5559 2
5560 1
5561 0
5562 1
5563 0
5564 0
5565 0
5566 0
5567 0
5568 0
5569 0
5570 1
5571 0
5572 1
5573 1
5574 0
5575 2
5576 5
5577 0
5578 0
5579 0
5580 0
5581 1
5582 1
5583 0
5584 0
5585 0
5586 1
5587 0
5588 1
5589 0
5590 2
5591 0
5592 1
5593 0
5594 2
5595 0
5596 0
5597 1
5598 1
5599 0
5600 1
5601 0
5602 1
5603 0
5604 1
5605 0
5606 0
5607 1
5608 1
5609 0
5610 1
5611 0
5612 0
5613 0
5614 1
5615 0
5616 0
5617 0
5618 0
5619 0
5620 0
5621 0
5622 0
5623 1
5624 1
5625 0
5626 1
5627 0
5628 0
5629 1
5630 0
5631 0
5632 0
5633 1
5634 0
5635 1
5636 0
5637 1
5638 0
5639 0
5640 0
5641 1
5642 0
5643 0
5644 0
5645 0
5646 1
5647 0
5648 1
5649 0
5650 1
5651 0
5652 0
5653 1
5654 0
5655 1
5656 0
5657 0
5658 1
5659 0
5660 0
5661 0
5662 1
5663 0
5664 2
5665 0
5666 0
5667 0
5668 0
5669 1
5670 0
5671 0
5672 1
5673 0
5674 1
5675 0
5676 0
5677 0
5678 0
5679 0
5680 0
5681 0
5682 0
5683 0
5684 0
5685 0
5686 1
5687 0
5688 1
5689 0
5690 0
5691 0
5692 0
5693 0
5694 0
5695 0
5696 0
5697 0
5698 0
5699 1
5700 0
5701 0
5702 0
5703 0
5704 0
5705 0
5706 1
5707 0
5708 0
5709 1
5710 0
5711 0
5712 0
5713 0
5714 1
5715 0
5716 0
5717 1
5718 0
5719 0
5720 2
5721 1
5722 0
5723 0
5724 0
5725 0
5726 1
5727 0
5728 1
5729 0
5730 1
5731 0
5732 0
5733 1
5734 2
5735 0
5736 0
5737 1
5738 0
5739 0
5740 1
5741 0
5742 1
5743 0
5744 0
5745 0
5746 1
5747 0
5748 1
5749 0
5750 0
5751 1
5752 0
5753 0
5754 0
5755 0
5756 0
5757 1
5758 1
5759 0
5760 0
5761 1
5762 0
5763 1
5764 0
5765 0
5766 0
5767 2
5768 1
5769 1
5770 0
5771 0
5772 2
5773 1
5774 0
5775 1
5776 0
5777 0
5778 0
5779 0
5780 1
5781 1
5782 0
5783 0
5784 0
5785 0
5786 0
5787 0
5788 0
5789 0
5790 0
5791 0
5792 0
5793 0
5794 0
5795 0
5796 3
5797 0
5798 1
5799 0
5800 0
5801 0
5802 1
5803 1
5804 1
5805 0
5806 2
5807 2
5808 2
