1 0
2 0
3 1
4 0
5 2
6 1
7 2
8 0
9 2
10 0
11 0
12 0
13 1
14 1
15 0
16 0
17 2
18 0
19 0
20 1
21 0
22 1
23 0
24 1
25 0
26 0
27 0
28 2
29 0
30 2
31 3
32 0
33 0
34 0
35 2
36 1
37 0
38 2
39 0
40 1
41 3
42 1
43 0
44 0
45 0
46 0
47 1
48 0
49 1
50 2
51 0
52 3
53 3
54 0
55 3
56 0
57 1
58 1
59 0
60 0
61 1
62 1
63 0
64 0
65 3
66 0
67 1
68 0
69 0
70 0
71 1
72 0
73 1
74 0
75 0
76 2
77 0
78 0
79 0
80 2
81 0
82 0
83 1
84 3
85 0
86 0
87 1
88 0
89 0
90 1
91 2
92 0
93 0
94 0
95 1
96 1
97 0
98 1
99 2
100 2
101 0
102 0
103 0
104 1
105 1
106 0
107 1
108 3
109 0
110 3
111 0
112 0
113 3
114 5
115 0
116 2
117 1
118 0
119 1
120 1
121 3
122 2
123 0
124 1
125 0
126 1
127 1
128 1
129 2
130 1
131 1
132 3
133 0
134 0
135 2
136 0
137 2
138 4
139 0
140 0
141 1
142 1
143 0
144 2
145 2
146 0
147 0
148 3
149 0
150 0
151 0
152 2
153 3
154 0
155 1
156 1
157 0
158 2
159 0
160 0
161 1
162 1
163 2
164 0
165 1
166 0
167 1
168 1
169 0
170 1
171 0
172 0
173 1
174 0
175 1
176 4
177 0
178 0
179 4
180 1
181 1
182 2
183 0
184 1
185 0
186 0
187 0
188 1
189 3
190 0
191 0
192 3
193 2
194 2
195 0
196 0
197 4
198 1
199 0
200 0
201 0
202 0
203 2
204 13
205 0
206 1
207 0
208 0
209 3
210 1
211 0
212 0
213 0
214 0
215 1
216 3
217 3
218 0
219 3
220 0
221 0
222 0
223 1
224 1
225 1
226 2
227 2
228 0
229 1
230 4
231 0
232 0
233 2
234 0
235 1
236 0
237 0
238 0
239 0
240 1
241 4
242 4
243 0
244 0
245 0
246 2
247 0
248 1
249 0
250 1
251 2
252 2
253 0
254 5
255 1
256 0
257 0
258 0
259 0
260 3
261 4
262 0
263 0
264 0
265 0
266 1
267 1
268 1
269 0
270 0
271 0
272 4
273 2
274 2
275 0
276 1
277 2
278 2
279 2
280 0
281 0
282 0
283 1
284 0
285 1
286 1
287 1
288 1
289 1
290 0
291 0
292 1
293 0
294 0
295 2
296 0
297 0
298 0
299 0
300 1
301 1
302 1
303 1
304 0
305 3
306 0
307 1
308 1
309 0
310 0
311 0
312 4
313 0
314 2
315 2
316 3
317 0
318 0
319 2
320 0
321 0
322 2
323 0
324 0
325 3
326 2
327 1
328 0
329 2
330 0
331 0
332 0
333 0
334 0
335 0
336 0
337 0
338 0
339 0
340 3
341 3
342 1
343 0
344 0
345 2
346 0
347 1
348 1
349 0
350 1
351 0
352 1
353 4
354 0
355 0
356 0
357 1
358 1
359 1
360 2
361 1
362 0
363 0
364 0
365 3
366 1
367 0
368 0
369 0
370 0
371 3
372 1
373 1
374 0
375 0
376 1
377 1
378 1
379 0
380 1
381 4
382 3
383 1
384 4
385 1
386 1
387 1
388 0
389 1
390 0
391 1
392 1
393 2
394 3
395 3
396 0
397 1
398 1
399 0
400 0
401 0
402 0
403 0
404 1
405 2
406 1
407 0
408 0
409 0
410 1
411 1
412 1
413 0
414 0
415 1
416 0
417 0
418 1
419 1
420 2
421 0
422 0
423 1
424 0
425 0
426 2
427 0
428 1
429 0
430 0
431 1
432 1
433 0
434 0
435 2
436 1
437 1
438 0
439 1
440 0
441 0
442 4
443 1
444 0
445 1
446 1
447 0
448 0
449 3
450 0
451 2
452 0
453 1
454 0
455 0
456 0
457 0
458 2
459 3
460 0
461 2
462 5
463 0
464 0
465 1
466 0
467 1
468 0
469 2
470 0
471 2
472 2
473 1
474 1
475 1
476 0
477 0
478 0
479 0
480 1
481 1
482 1
483 1
484 1
485 1
486 0
487 0
488 1
489 4
490 1
491 1
492 1
493 1
494 0
495 1
496 0
497 1
498 0
499 0
500 0
501 0
502 0
503 0
504 3
505 0
506 0
507 0
508 0
509 1
510 0
511 5
512 0
513 0
514 0
515 0
516 2
517 1
518 0
519 2
520 1
521 0
522 1
523 0
524 1
525 6
526 2
527 0
528 0
529 3
530 1
531 1
532 1
533 2
534 1
535 2
536 0
537 0
538 0
539 4
540 0
541 2
542 0
543 2
544 0
545 0
546 3
547 0
548 2
549 1
550 1
551 0
552 0
553 0
554 0
555 1
556 0
557 0
558 0
559 1
560 0
561 1
562 0
563 0
564 1
565 1
566 0
567 1
568 0
569 0
570 0
571 1
572 0
573 1
574 1
575 2
576 0
577 0
578 3
579 0
580 1
581 0
582 2
583 1
584 2
585 0
586 0
587 0
588 0
589 3
590 1
591 0
592 1
593 0
594 1
595 1
596 1
597 1
598 2
599 3
600 3
601 0
602 1
603 1
604 1
605 1
606 0
607 1
608 0
609 0
610 1
611 1
612 1
613 0
614 2
615 5
616 1
617 0
618 1
619 0
620 1
621 2
622 2
623 2
624 3
625 0
626 0
627 0
628 2
629 0
630 0
631 2
632 1
633 1
634 0
635 1
636 1
637 0
638 0
639 0
640 0
641 4
642 3
643 0
644 2
645 2
646 2
647 2
648 0
649 0
650 0
651 0
652 1
653 2
654 0
655 0
656 2
657 0
658 2
659 2
660 1
661 1
662 0
663 0
664 5
665 0
666 0
667 0
668 1
669 1
670 0
671 4
672 0
673 0
674 0
675 1
676 1
677 0
678 0
679 0
680 1
681 0
682 1
683 0
684 1
685 0
686 0
687 0
688 0
689 0
690 2
691 0
692 0
693 0
694 4
695 0
696 0
697 4
698 0
699 1
700 1
701 0
702 2
703 0
704 0
705 0
706 1
707 1
708 1
709 0
710 0
711 1
712 0
713 2
714 1
715 0
716 0
717 1
718 1
719 1
720 0
721 2
722 0
723 1
724 1
725 1
726 0
727 0
728 0
729 2
730 2
731 0
732 0
733 0
734 0
735 0
736 0
737 0
738 0
739 2
740 0
741 1
742 1
743 0
744 0
745 1
746 1
747 3
748 3
749 0
750 0
751 0
752 0
753 1
754 1
755 0
756 0
757 0
758 0
759 0
760 0
761 1
762 0
763 1
764 2
765 2
766 2
767 0
768 0
769 0
770 0
771 2
772 5
773 2
774 5
775 5
776 0
777 0
778 0
779 0
780 2
781 1
782 0
783 1
784 3
785 0
786 2
787 0
788 1
789 1
790 0
791 0
792 1
793 0
794 1
795 0
796 0
797 1
798 2
799 0
800 0
801 0
802 0
803 1
804 1
805 0
806 1
807 3
808 3
809 0
810 0
811 0
812 3
813 2
814 0
815 0
816 0
817 0
818 1
819 1
820 9
821 1
822 0
823 0
824 0
825 1
826 1
827 1
828 1
829 1
830 1
831 0
832 0
833 2
834 0
835 0
836 0
837 1
838 1
839 2
840 0
841 0
842 1
843 1
844 0
845 0
846 2
847 2
848 1
849 1
850 2
851 0
852 2
853 2
854 0
855 0
856 2
857 2
858 0
859 0
860 0
861 0
862 4
863 0
864 0
865 0
866 0
867 0
868 0
869 0
870 0
871 0
872 4
873 2
874 0
875 0
876 0
877 1
878 0
879 1
880 0
881 0
882 1
883 3
884 0
885 8
886 0
887 8
888 1
889 0
890 0
891 0
892 1
893 2
894 1
895 2
896 0
897 2
898 2
899 0
900 2
901 2
902 0
903 2
904 0
905 0
906 0
907 0
908 2
909 0
910 1
911 1
912 0
913 2
914 0
915 2
916 2
917 1
918 1
919 1
920 0
921 0
922 3
923 2
924 2
925 0
926 1
927 1
928 2
929 2
930 0
931 1
932 1
933 1
934 1
935 0
936 0
937 1
938 0
939 0
940 1
941 1
942 1
943 0
944 1
945 1
946 0
947 1
948 0
949 0
950 0
951 1
952 3
953 2
954 0
955 1
956 0
957 0
958 0
959 0
960 0
961 3
962 0
963 1
964 0
965 0
966 0
967 2
968 1
969 1
970 1
971 3
972 2
973 0
974 0
975 3
976 3
977 0
978 1
979 0
980 0
981 0
982 1
983 0
984 1
985 0
986 0
987 0
988 0
989 2
990 1
991 2
992 0
993 0
994 2
995 2
996 2
997 1
998 1
999 1
1000 0
1001 0
1002 0
1003 1
1004 0
1005 0
1006 1
1007 3
1008 0
1009 0
1010 0
1011 0
1012 0
1013 1
1014 0
1015 4
1016 3
1017 2
1018 3
1019 3
1020 0
1021 0
1022 1
1023 0
1024 1
1025 2
1026 1
1027 0
1028 1
1029 1
1030 1
1031 1
1032 0
1033 1
1034 0
1035 0
1036 0
1037 1
1038 0
1039 0
1040 0
1041 0
1042 3
1043 3
1044 0
1045 0
1046 2
1047 4
1048 0
1049 1
1050 1
1051 0
1052 1
1053 0
1054 1
1055 0
1056 0
1057 2
1058 1
1059 0
1060 0
1061 0
1062 2
1063 2
1064 1
1065 0
1066 0
1067 1
1068 0
1069 2
1070 2
1071 1
1072 0
1073 1
1074 0
1075 0
1076 0
1077 0
1078 0
1079 2
1080 1
1081 0
1082 2
1083 2
1084 2
1085 0
1086 1
1087 1
1088 1
1089 0
1090 1
1091 0
1092 0
1093 0
1094 1
1095 2
1096 2
1097 1
1098 0
1099 1
1100 2
1101 2
1102 0
1103 0
1104 0
1105 4
1106 0
1107 0
1108 0
1109 1
1110 2
1111 0
1112 0
1113 2
1114 2
1115 1
1116 1
1117 0
1118 0
1119 0
1120 2
1121 2
1122 1
1123 0
1124 1
1125 0
1126 0
1127 2
1128 2
1129 2
1130 1
1131 1
1132 4
1133 6
1134 6
1135 0
1136 0
1137 1
1138 0
1139 1
1140 0
1141 1
1142 1
1143 1
1144 0
1145 0
1146 0
1147 0
1148 2
1149 1
1150 1
1151 1
1152 0
1153 0
1154 1
1155 3
1156 0
1157 0
1158 2
1159 0
1160 3
1161 0
1162 3
1163 2
1164 0
1165 1
1166 1
1167 0
1168 0
1169 1
1170 0
1171 0
1172 1
1173 0
1174 0
1175 0
1176 0
1177 1
1178 0
1179 0
1180 2
1181 0
1182 1
1183 2
1184 2
1185 0
1186 3
1187 1
1188 0
1189 2
1190 1
1191 0
1192 0
1193 0
1194 2
1195 1
1196 1
1197 0
1198 5
1199 1
1200 3
1201 3
1202 2
1203 1
1204 0
1205 2
1206 0
1207 1
1208 0
1209 1
1210 1
1211 2
1212 0
1213 0
1214 0
1215 0
1216 0
1217 2
1218 0
1219 0
1220 0
1221 0
1222 1
1223 1
1224 0
1225 1
1226 1
1227 0
1228 1
1229 0
1230 0
1231 0
1232 1
1233 7
1234 0
1235 1
1236 0
1237 0
1238 2
1239 1
1240 0
1241 0
1242 0
1243 0
1244 2
1245 1
1246 0
1247 1
1248 1
1249 1
1250 0
1251 1
1252 0
1253 1
1254 3
1255 0
1256 1
1257 1
1258 0
1259 2
1260 1
1261 0
1262 0
1263 0
1264 0
1265 0
1266 3
1267 3
1268 0
1269 0
1270 0
1271 1
1272 1
1273 0
1274 1
1275 1
1276 1
1277 3
1278 0
1279 0
1280 0
1281 1
1282 1
1283 0
1284 1
1285 2
1286 2
1287 0
1288 0
1289 1
1290 1
1291 0
1292 0
1293 0
1294 1
1295 1
1296 1
1297 2
1298 1
1299 0
1300 1
1301 1
1302 1
1303 1
1304 2
1305 2
1306 0
1307 5
1308 2
1309 2
1310 0
1311 0
1312 0
1313 0
1314 0
1315 1
1316 1
1317 1
1318 0
1319 0
1320 2
1321 0
1322 0
1323 1
1324 1
1325 0
1326 0
1327 0
1328 0
1329 2
1330 2
1331 0
1332 1
1333 0
1334 2
1335 0
1336 1
1337 3
1338 0
1339 0
1340 0
1341 0
1342 1
1343 0
1344 0
1345 0
1346 0
1347 0
1348 0
1349 0
1350 0
1351 0
1352 0
1353 0
1354 0
1355 1
1356 1
1357 1
1358 2
1359 0
1360 1
1361 2
1362 1
1363 2
1364 0
1365 4
1366 0
1367 1
1368 1
1369 0
1370 4
1371 1
1372 1
1373 1
1374 2
1375 0
1376 1
1377 1
1378 0
1379 0
1380 1
1381 1
1382 0
1383 0
1384 1
1385 2
1386 1
1387 3
1388 0
1389 2
1390 1
1391 0
1392 2
1393 0
1394 1
1395 0
1396 0
1397 1
1398 2
1399 1
1400 0
1401 1
1402 1
1403 1
1404 0
1405 1
1406 0
1407 0
1408 0
1409 0
1410 0
1411 1
1412 0
1413 0
1414 1
1415 1
1416 2
1417 1
1418 0
1419 2
1420 0
1421 0
1422 1
1423 1
1424 0
1425 1
1426 2
1427 2
1428 2
1429 0
1430 1
1431 2
1432 1
1433 1
1434 0
1435 0
1436 1
1437 0
1438 4
1439 4
1440 0
1441 0
1442 2
1443 0
1444 2
1445 0
1446 3
1447 1
1448 0
1449 1
1450 1
1451 0
1452 1
1453 0
1454 2
1455 0
1456 0
1457 1
1458 1
1459 1
1460 2
1461 1
1462 8
1463 1
1464 0
1465 2
1466 0
1467 1
1468 1
1469 0
1470 3
1471 0
1472 3
1473 2
1474 2
1475 0
1476 0
1477 1
1478 0
1479 1
1480 0
1481 1
1482 1
1483 1
1484 1
1485 0
1486 2
1487 0
1488 1
1489 1
1490 0
1491 1
1492 1
1493 0
1494 4
1495 1
1496 0
1497 1
1498 0
1499 0
1500 2
1501 0
1502 0
1503 0
1504 1
1505 0
1506 1
1507 0
1508 2
1509 2
1510 0
1511 1
1512 1
1513 0
1514 1
1515 1
1516 2
1517 2
1518 2
1519 0
1520 1
1521 0
1522 1
1523 2
1524 0
1525 1
1526 0
1527 0
1528 1
1529 1
1530 0
1531 0
1532 2
1533 3
1534 0
1535 0
1536 0
1537 3
1538 0
1539 1
1540 1
1541 1
1542 0
1543 2
1544 2
1545 0
1546 1
1547 1
1548 1
1549 0
1550 2
1551 2
1552 0
1553 0
1554 0
1555 0
1556 1
1557 1
1558 0
1559 2
1560 1
1561 0
1562 0
1563 0
1564 1
1565 1
1566 0
1567 1
1568 0
1569 0
1570 1
1571 0
1572 2
1573 2
1574 1
1575 4
1576 2
1577 2
1578 1
1579 0
1580 0
1581 2
1582 0
1583 0
1584 0
1585 0
1586 1
1587 0
1588 2
1589 0
1590 1
1591 0
1592 1
1593 3
1594 1
1595 0
1596 2
1597 2
1598 1
1599 0
1600 2
1601 1
1602 0
1603 3
1604 0
1605 3
1606 2
1607 2
1608 0
1609 1
1610 2
1611 3
1612 1
1613 1
1614 0
1615 1
1616 0
1617 1
1618 0
1619 0
1620 0
1621 0
1622 1
1623 1
1624 1
1625 3
1626 0
1627 0
1628 0
1629 1
1630 3
1631 1
1632 0
1633 1
1634 2
1635 0
1636 0
1637 1
1638 2
1639 1
1640 1
1641 0
1642 2
1643 2
1644 1
1645 0
1646 1
1647 1
1648 0
1649 2
1650 0
1651 2
1652 2
1653 0
1654 2
1655 1
1656 0
1657 1
1658 0
1659 0
1660 0
1661 2
1662 0
1663 0
1664 1
1665 1
1666 2
1667 0
1668 0
1669 0
1670 0
1671 0
1672 1
1673 3
1674 1
1675 1
1676 0
1677 1
1678 0
1679 2
1680 0
1681 0
1682 2
1683 0
1684 2
1685 0
1686 1
1687 1
1688 0
1689 0
1690 0
1691 0
1692 0
1693 0
1694 0
1695 0
1696 2
1697 0
1698 2
1699 0
1700 2
1701 1
1702 1
1703 0
1704 3
1705 3
1706 0
1707 0
1708 1
1709 0
1710 0
1711 0
1712 1
1713 1
1714 0
1715 3
1716 1
1717 3
1718 2
1719 0
1720 2
1721 2
1722 1
1723 0
1724 0
1725 0
1726 0
1727 0
1728 2
1729 1
1730 1
1731 0
1732 0
1733 0
1734 1
1735 2
1736 4
1737 0
1738 0
1739 0
1740 0
1741 0
1742 0
1743 0
1744 0
1745 0
1746 0
1747 0
1748 0
1749 1
1750 1
1751 0
1752 2
1753 0
1754 1
1755 0
1756 0
1757 0
1758 0
1759 1
1760 1
1761 0
1762 1
1763 1
1764 0
1765 0
1766 0
1767 1
1768 3
1769 0
1770 1
1771 2
1772 0
1773 0
1774 2
1775 1
1776 0
1777 0
1778 0
1779 1
1780 1
1781 1
1782 0
1783 1
1784 0
1785 0
1786 2
1787 0
1788 0
1789 4
1790 1
1791 1
1792 1
1793 1
1794 0
1795 0
1796 1
1797 1
1798 2
1799 0
1800 0
1801 2
1802 1
1803 0
1804 1
1805 5
1806 1
1807 3
1808 0
1809 0
1810 1
1811 1
1812 2
1813 1
1814 0
1815 0
1816 3
1817 0
1818 0
1819 1
1820 1
1821 0
1822 0
1823 1
1824 0
1825 1
1826 2
1827 0
1828 0
1829 2
1830 0
1831 0
1832 0
1833 2
1834 0
1835 0
1836 1
1837 0
1838 1
1839 1
1840 1
1841 1
1842 3
1843 0
1844 0
1845 1
1846 2
1847 2
1848 1
1849 0
1850 1
1851 2
1852 0
1853 2
1854 4
1855 0
1856 0
1857 2
1858 0
1859 1
1860 0
1861 0
1862 4
1863 0
1864 1
1865 0
1866 0
1867 0
1868 4
1869 0
1870 0
1871 1
1872 0
1873 1
1874 1
1875 2
1876 5
1877 0
1878 1
1879 0
1880 1
1881 0
1882 2
1883 2
1884 1
1885 0
1886 1
1887 0
1888 0
1889 2
1890 1
1891 1
1892 0
1893 2
1894 0
1895 2
1896 0
1897 0
1898 1
1899 1
1900 2
1901 0
1902 0
1903 2
1904 1
1905 0
1906 1
1907 2
1908 2
1909 1
1910 1
1911 0
1912 0
1913 2
1914 1
1915 0
1916 0
1917 2
1918 1
1919 3
1920 0
1921 0
1922 1
1923 0
1924 0
1925 0
1926 2
1927 2
1928 0
1929 1
1930 1
1931 3
1932 0
1933 0
1934 0
1935 0
1936 1
1937 1
1938 1
1939 1
1940 0
1941 0
1942 0
1943 1
1944 2
1945 0
1946 4
1947 1
1948 0
1949 0
1950 0
1951 3
1952 5
1953 1
1954 1
1955 0
1956 0
1957 0
1958 0
1959 1
1960 0
1961 1
1962 0
1963 4
1964 0
1965 0
1966 2
1967 0
1968 0
1969 0
1970 0
1971 2
1972 0
1973 3
1974 2
1975 2
1976 1
1977 0
1978 0
1979 1
1980 0
1981 1
1982 0
1983 1
1984 1
1985 0
1986 1
1987 0
1988 1
1989 3
1990 1
1991 1
1992 0
1993 2
1994 0
1995 0
1996 1
1997 1
1998 0
1999 0
2000 1
2001 2
2002 2
2003 0
2004 0
2005 0
2006 0
2007 1
2008 2
2009 2
2010 0
2011 0
2012 0
2013 1
2014 1
2015 0
2016 0
2017 0
2018 0
2019 1
2020 5
2021 0
2022 4
2023 3
2024 3
2025 0
2026 1
2027 0
2028 1
2029 0
2030 0
2031 2
2032 0
2033 0
2034 0
2035 1
2036 2
2037 4
2038 0
2039 2
2040 0
2041 0
2042 2
2043 1
2044 0
2045 2
2046 0
2047 1
2048 2
2049 1
2050 0
2051 0
2052 2
2053 0
2054 1
2055 0
2056 0
2057 3
2058 0
2059 1
2060 0
2061 2
2062 0
2063 0
2064 0
2065 3
2066 2
2067 1
2068 0
2069 3
2070 1
2071 4
2072 1
2073 0
2074 1
2075 1
2076 0
2077 5
2078 0
2079 2
2080 0
2081 1
2082 0
2083 0
2084 0
2085 1
2086 0
2087 0
2088 0
2089 3
2090 0
2091 0
2092 0
2093 0
2094 2
2095 1
2096 1
2097 0
2098 1
2099 1
2100 2
2101 1
2102 0
2103 2
2104 0
2105 0
2106 0
2107 2
2108 0
2109 0
2110 1
2111 1
2112 2
2113 0
2114 0
2115 0
2116 2
2117 1
2118 1
2119 1
2120 0
2121 0
2122 1
2123 0
2124 0
2125 2
2126 0
2127 0
2128 0
2129 1
2130 1
2131 0
2132 1
2133 1
2134 0
2135 1
2136 0
2137 0
2138 1
2139 1
2140 0
2141 0
2142 0
2143 1
2144 0
2145 0
2146 3
2147 2
2148 0
2149 0
2150 0
2151 2
2152 1
2153 0
2154 0
2155 0
2156 0
2157 3
2158 1
2159 3
2160 2
2161 2
2162 0
2163 0
2164 0
2165 4
2166 4
2167 0
2168 1
2169 1
2170 0
2171 2
2172 0
2173 2
2174 1
2175 3
2176 0
2177 0
2178 2
2179 0
2180 0
2181 1
2182 2
2183 3
2184 0
2185 0
2186 0
2187 0
2188 1
2189 0
2190 1
2191 0
2192 1
2193 0
2194 1
2195 1
2196 0
2197 0
2198 2
2199 0
2200 2
2201 0
2202 1
2203 0
2204 0
2205 2
2206 0
2207 0
2208 0
2209 1
2210 1
2211 0
2212 0
2213 1
2214 5
2215 0
2216 1
2217 1
2218 0
2219 0
2220 0
2221 0
2222 5
2223 4
2224 5
2225 0
2226 1
2227 0
2228 1
2229 0
2230 1
2231 2
2232 1
2233 1
2234 0
2235 7
2236 2
2237 0
2238 1
2239 1
2240 1
2241 0
2242 1
2243 0
2244 2
2245 4
2246 0
2247 0
2248 0
2249 2
2250 0
2251 1
2252 0
2253 8
2254 0
2255 1
2256 0
2257 0
2258 1
2259 2
2260 0
2261 0
2262 1
2263 0
2264 0
2265 3
2266 2
2267 1
2268 2
2269 1
2270 1
2271 1
2272 4
2273 0
2274 0
2275 1
2276 1
2277 0
2278 0
2279 0
2280 0
2281 0
2282 0
2283 0
2284 0
2285 0
2286 0
2287 2
2288 1
2289 0
2290 0
2291 0
2292 0
2293 0
2294 3
2295 0
2296 0
2297 1
2298 0
2299 1
2300 1
2301 1
2302 1
2303 2
2304 2
2305 2
2306 0
2307 1
2308 2
2309 1
2310 2
2311 1
2312 0
2313 0
2314 0
2315 5
2316 0
2317 3
2318 3
2319 2
2320 0
2321 1
2322 0
2323 0
2324 6
2325 1
2326 0
2327 1
2328 0
2329 0
2330 0
2331 0
2332 2
2333 0
2334 0
2335 0
2336 2
2337 2
2338 1
2339 1
2340 2
2341 0
2342 0
2343 0
2344 2
2345 1
2346 0
2347 1
2348 8
2349 0
2350 0
2351 0
2352 0
2353 0
2354 0
2355 1
2356 0
2357 1
2358 0
2359 0
2360 0
2361 0
2362 0
2363 1
2364 0
2365 0
2366 4
2367 0
2368 1
2369 1
2370 1
2371 1
2372 1
2373 6
2374 2
2375 0
2376 2
2377 2
2378 0
2379 0
2380 1
2381 0
2382 1
2383 1
2384 2
2385 0
2386 1
2387 2
2388 2
2389 0
2390 1
2391 1
2392 1
2393 0
2394 0
2395 1
2396 1
2397 0
2398 0
2399 3
2400 1
2401 0
2402 1
2403 1
2404 0
2405 2
2406 1
2407 2
2408 2
2409 1
2410 1
2411 1
2412 1
2413 0
2414 0
2415 4
2416 0
2417 0
2418 0
2419 2
2420 4
2421 1
2422 1
2423 0
2424 1
2425 1
2426 1
2427 0
2428 0
2429 3
2430 0
2431 4
2432 2
2433 2
2434 1
2435 5
2436 2
2437 0
2438 1
2439 0
2440 1
2441 3
2442 1
2443 0
2444 0
2445 2
2446 5
2447 0
2448 0
2449 3
2450 1
2451 4
2452 0
2453 2
2454 1
2455 6
2456 1
2457 0
2458 1
2459 3
2460 1
2461 1
2462 1
2463 0
2464 0
2465 3
2466 2
2467 2
2468 1
2469 0
2470 1
2471 0
2472 2
2473 0
2474 2
2475 1
2476 1
2477 1
2478 2
2479 1
2480 0
2481 2
2482 5
2483 0
2484 6
2485 1
2486 0
2487 2
2488 8
2489 1
2490 0
2491 2
2492 0
2493 4
2494 1
2495 1
2496 0
2497 0
2498 1
2499 3
2500 1
2501 2
2502 0
2503 2
2504 1
2505 0
2506 1
2507 4
2508 1
2509 0
2510 0
2511 1
2512 2
2513 1
2514 1
2515 1
2516 0
2517 2
2518 1
2519 3
2520 2
2521 1
2522 2
2523 1
2524 0
2525 0
2526 0
2527 2
2528 0
2529 2
2530 0
2531 0
2532 0
2533 1
2534 1
2535 0
2536 5
2537 0
2538 1
2539 2
2540 2
2541 6
2542 2
2543 5
2544 7
2545 1
2546 1
2547 1
2548 1
2549 3
2550 0
2551 1
2552 5
2553 5
2554 3
2555 0
2556 4
2557 2
2558 0
2559 1
2560 2
2561 0
2562 4
2563 4
2564 2
2565 0
2566 0
2567 1
2568 0
2569 0
2570 1
2571 0
2572 0
2573 1
2574 1
2575 0
2576 1
2577 0
2578 0
2579 0
2580 1
2581 1
2582 0
2583 3
2584 1
2585 1
2586 1
2587 0
2588 0
2589 0
2590 6
2591 0
2592 1
2593 1
2594 0
2595 1
2596 1
2597 1
2598 4
2599 0
2600 2
2601 2
2602 1
2603 3
2604 0
2605 2
2606 0
2607 0
2608 1
2609 1
2610 1
2611 1
2612 1
2613 0
2614 0
2615 1
2616 1
2617 0
2618 0
2619 1
2620 2
2621 0
2622 0
2623 1
2624 7
2625 0
2626 6
2627 6
2628 1
2629 4
2630 0
2631 0
2632 2
2633 3
2634 1
2635 1
2636 1
2637 1
2638 1
2639 0
2640 0
2641 0
2642 0
2643 0
2644 0
2645 0
2646 0
2647 1
2648 0
2649 1
2650 0
2651 1
2652 0
2653 4
2654 1
2655 1
2656 0
2657 1
2658 1
2659 1
2660 3
2661 2
2662 0
2663 0
2664 0
2665 0
2666 2
2667 3
2668 2
2669 0
2670 1
2671 0
2672 1
2673 1
2674 0
2675 2
2676 1
2677 0
2678 0
2679 1
2680 1
2681 3
2682 1
2683 2
2684 0
2685 0
2686 0
2687 3
2688 0
2689 2
2690 0
2691 0
2692 1
2693 1
2694 0
2695 1
2696 2
2697 0
2698 2
2699 3
2700 0
2701 0
2702 0
2703 0
2704 0
2705 1
2706 0
2707 1
2708 0
2709 3
2710 0
2711 3
2712 0
2713 2
2714 0
2715 1
2716 0
2717 0
2718 0
2719 0
2720 0
2721 2
2722 1
2723 0
2724 0
2725 8
2726 7
2727 0
2728 2
2729 0
2730 2
2731 2
2732 1
2733 0
2734 0
2735 4
2736 1
2737 0
2738 0
2739 0
2740 0
2741 0
2742 0
2743 2
2744 1
2745 1
2746 0
2747 0
2748 0
2749 1
2750 0
2751 0
2752 0
2753 2
2754 1
2755 0
2756 0
2757 1
2758 3
2759 1
2760 1
2761 0
2762 3
2763 1
2764 1
2765 0
2766 0
2767 0
2768 2
2769 0
2770 0
2771 0
2772 1
2773 1
2774 0
2775 0
2776 1
2777 0
