1 1
2 4
3 0
4 0
5 0
6 1
7 0
8 0
9 0
10 1
11 0
12 0
13 0
14 1
15 1
16 0
17 0
18 1
19 1
20 0
21 0
22 0
23 1
24 0
25 1
26 0
27 0
28 0
29 0
30 0
31 1
32 1
33 1
34 1
35 0
36 1
37 1
38 0
39 1
40 0
41 0
42 0
43 0
44 1
45 1
46 1
47 0
48 1
49 0
50 1
51 1
52 0
53 0
54 0
55 1
56 0
57 0
58 1
59 1
60 0
61 0
62 1
63 1
64 0
65 1
66 0
67 0
68 1
69 0
70 0
71 1
72 0
73 1
74 0
75 1
76 0
77 1
78 0
79 0
80 1
81 1
82 0
83 0
84 0
85 1
86 0
87 0
88 0
89 0
90 1
91 1
92 1
93 1
94 1
95 0
96 1
97 0
98 1
99 0
100 1
101 0
102 1
103 0
104 0
105 0
106 0
107 1
108 0
109 1
110 0
111 0
112 1
113 1
114 0
115 0
116 0
117 1
118 0
119 1
120 0
121 1
122 0
123 1
124 1
125 0
126 1
127 1
128 0
129 1
130 1
131 1
132 0
133 1
134 1
135 0
136 1
137 1
138 1
139 1
140 1
141 1
142 1
143 1
144 1
145 1
146 1
147 1
148 1
149 1
150 1
151 0
152 1
153 0
154 1
155 1
156 0
157 0
158 1
159 1
160 1
161 0
162 0
163 1
164 1
165 0
166 1
167 0
168 1
169 0
170 0
171 0
172 0
173 0
174 0
175 0
176 0
177 0
178 1
179 1
180 0
181 0
182 0
183 0
184 0
185 0
186 1
187 1
188 1
189 0
190 0
191 0
192 0
193 1
194 0
195 0
196 0
197 0
198 1
199 0
200 1
201 0
202 1
203 0
204 1
205 1
206 1
207 0
208 0
209 1
210 0
211 1
212 1
213 1
214 1
215 1
216 1
217 1
218 1
219 1
220 0
221 1
222 1
223 1
224 0
225 0
226 1
227 1
228 1
229 1
230 1
231 1
232 1
233 1
234 0
235 1
236 1
237 1
238 1
239 1
240 1
241 1
242 1
243 1
244 1
245 0
246 1
247 1
248 1
249 1
250 1
251 0
252 0
253 0
254 1
255 1
256 1
257 1
258 1
259 0
260 1
261 0
262 0
263 1
264 1
265 1
266 1
267 1
268 1
269 1
270 1
271 1
272 0
273 1
274 1
275 0
276 1
277 5
278 1
279 1
280 1
281 1
282 0
283 0
284 2
285 0
286 0
287 0
288 0
289 0
290 0
291 0
292 0
293 0
294 0
295 0
296 0
297 0
298 0
299 0
300 0
301 0
302 0
303 0
304 0
305 0
306 0
307 0
308 1
309 0
310 0
311 1
312 0
313 0
314 0
315 1
316 1
317 0
318 1
319 1
320 1
321 1
322 1
323 0
324 1
325 1
326 1
327 1
328 1
329 1
330 0
331 1
332 1
333 0
334 1
335 1
336 1
337 0
338 1
339 1
340 0
341 1
342 1
343 0
344 1
345 0
346 0
347 1
348 1
349 0
350 1
351 1
352 1
353 1
354 1
355 0
356 1
357 0
358 0
359 1
360 0
361 1
362 1
363 1
364 1
365 1
366 1
367 1
368 0
369 1
370 1
371 0
372 0
373 0
374 0
375 1
376 1
377 1
378 1
379 1
380 0
381 1
382 0
383 1
384 0
385 1
386 1
387 1
388 1
389 1
390 1
391 0
392 1
393 1
394 0
395 1
396 1
397 1
398 1
399 0
400 1
401 1
402 2
403 0
404 0
405 0
406 0
407 1
408 0
409 1
410 0
411 1
412 0
413 0
414 0
415 0
416 0
417 0
418 0
419 0
420 0
421 2
422 0
423 0
424 0
425 0
426 0
427 1
428 0
429 0
430 0
431 0
432 0
433 0
434 1
435 0
436 0
437 0
438 0
439 0
440 0
441 1
442 0
443 0
444 0
445 0
446 0
447 0
448 0
449 0
450 1
451 0
452 0
453 1
454 0
455 0
456 0
457 1
458 0
459 0
460 0
461 0
462 1
463 1
464 0
465 1
466 0
467 0
468 0
469 1
470 1
471 1
472 1
473 1
474 1
475 1
476 1
477 0
478 1
479 1
480 0
481 1
482 1
483 0
484 1
485 1
486 1
487 0
488 1
489 0
490 0
491 0
492 0
493 0
494 1
495 0
496 0
497 1
498 0
499 0
500 0
501 1
502 0
503 1
504 1
505 0
506 0
507 1
508 0
509 1
510 0
511 1
512 1
513 0
514 1
515 1
516 1
517 1
518 1
519 1
520 1
521 1
522 1
523 0
524 1
525 1
526 0
527 0
528 0
529 0
530 0
531 1
532 1
533 1
534 0
535 1
536 0
537 0
538 1
539 1
540 1
541 1
542 1
543 1
544 0
545 1
546 1
547 1
548 0
549 1
550 1
551 1
552 1
553 1
554 1
555 1
556 0
557 0
558 1
559 1
560 1
561 1
562 0
563 0
564 0
565 1
566 0
567 0
568 0
569 0
570 1
571 1
572 0
573 1
574 0
575 1
576 1
577 0
578 0
579 0
580 0
581 0
582 0
583 1
584 0
585 0
586 1
587 0
588 0
589 0
590 0
591 0
592 0
593 1
594 0
595 0
596 0
597 0
598 0
599 0
600 0
601 0
602 0
603 0
604 0
605 0
606 0
607 0
608 0
609 1
610 0
611 0
612 1
613 0
614 0
615 0
616 0
617 0
618 0
619 0
620 0
621 0
622 1
623 1
624 1
625 0
626 1
627 1
628 1
629 1
630 1
631 1
632 1
633 1
634 1
635 1
636 1
637 1
638 1
639 1
640 1
641 1
642 1
643 1
644 1
645 1
646 1
647 1
648 1
649 1
650 0
651 1
652 1
653 1
654 1
655 1
656 1
657 1
658 1
659 1
660 1
661 1
662 1
663 1
664 1
665 1
666 1
667 0
668 1
669 1
670 1
671 1
672 1
673 1
674 1
675 1
676 1
677 1
678 1
679 1
680 1
681 1
682 1
683 1
684 1
685 1
686 1
687 1
688 1
689 1
690 1
691 0
692 0
693 1
694 0
695 0
696 0
697 0
698 0
699 0
700 0
701 0
702 1
703 1
704 0
705 0
706 1
707 0
708 1
709 1
710 1
711 1
712 0
713 1
714 1
715 1
716 1
717 1
718 1
719 1
720 0
721 0
722 0
723 0
724 0
725 0
726 0
727 0
728 0
729 0
730 1
731 1
732 1
733 1
734 1
735 1
736 1
737 1
738 1
739 1
740 1
741 1
742 1
743 1
744 1
745 1
746 1
747 1
748 1
749 1
750 1
751 1
752 1
753 0
754 0
755 0
756 1
757 1
758 2
759 1
760 2
761 1
762 1
763 1
764 1
765 0
766 0
767 0
768 0
769 0
770 0
771 1
772 0
773 0
774 1
775 1
776 1
777 0
778 0
779 1
780 0
781 0
782 0
783 1
784 1
785 0
786 0
787 0
788 1
789 0
790 0
791 0
792 1
793 1
794 1
795 1
796 1
797 1
798 1
799 1
800 1
801 1
802 1
803 1
804 1
805 0
806 1
807 1
808 1
809 1
810 0
811 1
812 1
813 1
814 1
815 1
816 1
817 1
818 1
819 1
820 1
821 0
822 0
823 3
824 1
825 1
826 1
827 0
828 0
829 2
830 0
831 4
832 2
833 0
834 1
835 0
836 1
837 1
838 0
839 0
840 1
841 1
842 1
843 1
844 1
845 1
846 1
847 1
848 1
849 1
850 1
851 0
852 1
853 1
854 1
855 1
856 0
857 1
858 3
859 1
860 1
861 1
862 0
863 2
864 1
865 2
866 1
867 1
868 2
869 2
870 0
871 0
872 1
873 0
874 0
875 0
876 1
877 0
878 0
879 0
880 1
881 2
882 0
883 1
884 0
885 1
886 0
887 0
888 0
889 0
890 0
891 1
892 1
893 1
894 0
895 0
896 1
897 0
898 1
899 0
900 1
901 0
902 1
903 1
904 2
905 2
906 3
907 1
908 1
909 3
910 2
911 1
912 1
913 0
914 1
915 0
916 1
917 1
918 1
919 0
920 1
921 1
922 1
923 0
924 1
925 1
926 1
927 1
928 1
929 1
930 1
931 1
932 0
933 0
934 2
935 3
936 0
937 0
938 2
939 1
940 1
941 1
942 1
943 1
944 1
945 1
946 1
947 1
948 1
949 2
950 1
951 1
952 1
953 1
954 1
955 1
956 1
957 1
958 1
959 2
960 1
961 1
962 1
963 1
964 1
965 1
966 1
967 1
968 1
969 0
970 1
971 1
972 0
973 1
974 1
975 1
976 4
977 1
978 1
979 1
980 1
981 1
982 0
983 0
984 1
985 2
986 1
987 1
988 2
989 2
990 0
991 0
992 1
993 1
994 2
995 1
996 1
997 2
998 0
999 0
1000 0
1001 0
1002 2
1003 0
1004 0
1005 0
1006 0
1007 0
1008 2
1009 2
1010 0
1011 0
1012 0
1013 1
1014 0
1015 1
1016 0
1017 0
1018 0
1019 0
1020 0
1021 0
1022 0
1023 0
1024 0
1025 1
1026 0
1027 1
1028 1
1029 0
1030 0
1031 1
1032 0
1033 1
1034 2
1035 0
1036 1
1037 1
1038 1
1039 1
1040 0
1041 1
1042 1
1043 1
1044 0
1045 1
1046 1
1047 1
1048 1
1049 1
1050 1
1051 1
1052 1
1053 1
1054 1
1055 1
1056 1
1057 0
1058 0
1059 1
1060 1
1061 1
1062 0
1063 1
1064 1
1065 1
1066 1
1067 0
1068 0
1069 0
1070 1
1071 1
1072 1
1073 1
1074 0
1075 1
1076 1
1077 1
1078 1
1079 1
1080 1
1081 1
1082 1
1083 1
1084 1
1085 1
1086 1
1087 1
1088 1
1089 1
1090 1
1091 6
1092 1
1093 1
1094 1
1095 1
1096 1
1097 1
1098 0
1099 1
1100 1
1101 1
1102 1
1103 1
1104 1
1105 1
1106 1
1107 1
1108 0
1109 1
1110 1
1111 1
1112 1
1113 1
1114 1
1115 0
1116 0
1117 0
1118 0
1119 0
1120 0
1121 0
1122 0
1123 0
1124 1
1125 0
1126 0
1127 0
1128 0
1129 0
1130 0
1131 1
1132 0
1133 0
1134 1
1135 0
1136 0
1137 0
1138 1
1139 1
1140 1
1141 1
1142 1
1143 1
1144 1
1145 1
1146 1
1147 1
1148 1
1149 1
1150 1
1151 1
1152 1
1153 1
1154 1
1155 1
1156 0
1157 0
1158 1
1159 1
1160 1
1161 0
1162 1
1163 0
1164 1
1165 1
1166 1
1167 1
1168 1
1169 0
1170 1
1171 1
1172 1
1173 1
1174 0
1175 1
1176 1
1177 1
1178 1
1179 1
1180 1
1181 1
1182 0
1183 0
1184 0
1185 0
1186 1
1187 0
1188 0
1189 0
1190 0
1191 0
1192 1
1193 0
1194 1
1195 1
1196 0
1197 0
1198 1
1199 0
1200 0
1201 0
1202 0
1203 0
1204 0
1205 0
1206 1
1207 0
1208 1
1209 1
1210 0
1211 1
1212 1
1213 0
1214 1
1215 1
1216 1
1217 1
1218 1
1219 1
1220 0
1221 1
1222 1
1223 1
1224 0
1225 1
1226 1
1227 0
1228 1
1229 1
1230 1
1231 0
1232 1
1233 1
1234 1
1235 1
1236 1
1237 1
1238 1
1239 0
1240 1
1241 1
1242 1
1243 1
1244 0
1245 1
1246 1
1247 1
1248 1
1249 1
1250 1
1251 1
1252 1
1253 1
1254 1
1255 1
1256 1
1257 1
1258 1
1259 1
1260 1
1261 1
1262 1
1263 1
1264 1
1265 1
1266 1
1267 1
1268 1
1269 1
1270 1
1271 1
1272 1
1273 1
1274 1
1275 1
1276 1
1277 1
1278 0
1279 1
1280 1
1281 0
1282 0
1283 0
1284 1
1285 0
1286 0
1287 0
1288 0
1289 0
1290 0
1291 0
1292 2
1293 0
1294 0
1295 1
1296 0
1297 0
1298 1
1299 0
1300 0
1301 0
1302 1
1303 1
1304 0
1305 1
1306 1
1307 0
1308 1
1309 0
1310 0
1311 1
1312 1
1313 1
1314 0
1315 1
1316 1
1317 1
1318 1
1319 1
1320 1
1321 1
1322 1
1323 1
1324 1
1325 1
1326 1
1327 1
1328 1
1329 0
1330 1
1331 0
1332 1
1333 1
1334 2
1335 1
1336 1
1337 1
1338 1
1339 1
1340 0
1341 1
1342 1
1343 1
1344 1
1345 1
1346 1
1347 1
1348 1
1349 1
1350 1
1351 1
1352 1
1353 1
1354 1
1355 1
1356 0
1357 0
1358 1
1359 1
1360 1
1361 0
1362 1
1363 1
1364 1
1365 1
1366 1
1367 1
1368 1
1369 1
1370 1
1371 1
1372 1
1373 1
1374 1
1375 1
1376 0
1377 1
1378 1
1379 3
1380 0
1381 0
1382 1
1383 1
1384 0
1385 0
1386 0
1387 0
1388 0
1389 0
1390 0
1391 0
1392 0
1393 0
1394 0
1395 0
1396 1
1397 1
1398 0
1399 0
1400 1
1401 0
1402 1
1403 0
1404 0
1405 1
1406 1
1407 0
1408 1
1409 0
1410 1
1411 1
1412 1
1413 1
1414 1
1415 0
1416 1
1417 0
1418 0
1419 0
1420 0
1421 1
1422 1
1423 1
1424 1
1425 1
1426 1
1427 1
1428 1
1429 0
1430 1
1431 1
1432 1
1433 1
1434 1
1435 1
1436 1
1437 1
1438 1
1439 1
1440 1
1441 1
1442 1
1443 0
1444 1
1445 0
1446 1
1447 1
1448 1
1449 1
1450 1
1451 0
1452 1
1453 1
1454 0
1455 1
1456 1
1457 1
1458 1
1459 1
1460 1
1461 1
1462 1
1463 1
1464 1
1465 1
1466 0
1467 1
1468 1
1469 0
1470 1
1471 1
1472 1
1473 1
1474 1
1475 1
1476 1
1477 1
1478 1
1479 1
1480 1
1481 1
1482 1
1483 1
1484 1
1485 1
1486 0
1487 0
1488 0
1489 0
1490 0
1491 1
1492 0
1493 1
1494 0
1495 1
1496 1
1497 0
1498 0
1499 0
1500 0
1501 0
1502 1
1503 0
1504 0
1505 0
1506 0
1507 1
1508 1
1509 1
1510 1
1511 1
1512 1
1513 1
1514 1
1515 0
1516 1
1517 1
1518 1
1519 1
1520 0
1521 0
1522 1
1523 0
1524 1
1525 1
1526 1
1527 0
1528 1
1529 1
1530 1
1531 1
1532 0
1533 1
1534 1
1535 1
1536 0
1537 1
1538 1
1539 1
1540 1
1541 1
1542 1
1543 1
1544 1
1545 1
1546 1
1547 1
1548 1
1549 1
1550 1
1551 1
1552 1
1553 1
1554 1
1555 1
1556 1
1557 1
1558 0
1559 0
1560 0
1561 0
1562 0
1563 1
1564 0
1565 0
1566 0
1567 1
1568 1
1569 0
1570 0
1571 0
1572 0
1573 1
1574 0
1575 1
1576 0
1577 0
1578 1
1579 0
1580 1
1581 0
1582 0
1583 1
1584 0
1585 1
1586 0
1587 1
1588 1
1589 1
1590 0
1591 1
1592 1
1593 1
1594 0
1595 1
1596 1
1597 1
1598 1
1599 0
1600 1
1601 1
1602 1
1603 1
1604 1
1605 1
1606 1
1607 1
1608 1
1609 1
1610 1
1611 1
1612 1
1613 1
1614 1
1615 1
1616 1
1617 1
1618 1
1619 1
1620 1
1621 1
1622 1
1623 1
1624 1
1625 1
1626 2
1627 1
1628 1
1629 1
1630 1
1631 1
1632 1
1633 0
1634 0
1635 1
1636 1
1637 0
1638 1
1639 1
1640 2
1641 0
1642 0
1643 2
1644 0
1645 0
1646 4
1647 0
1648 1
1649 0
1650 0
1651 0
1652 0
1653 0
1654 0
1655 1
1656 0
1657 0
1658 0
1659 1
1660 0
1661 0
1662 0
1663 0
1664 1
1665 0
1666 0
1667 1
1668 1
1669 1
1670 1
1671 7
1672 2
1673 1
1674 1
1675 1
1676 1
1677 1
1678 1
1679 0
1680 1
1681 0
1682 1
1683 1
1684 1
1685 1
1686 1
1687 1
1688 1
1689 1
1690 1
1691 1
1692 1
1693 1
1694 2
1695 1
1696 1
1697 1
1698 0
1699 1
1700 1
1701 1
1702 1
1703 1
1704 3
1705 1
1706 1
1707 0
1708 1
1709 1
1710 1
1711 1
1712 1
1713 1
1714 1
1715 1
1716 1
1717 1
1718 1
1719 2
1720 1
1721 1
1722 1
1723 5
1724 1
1725 1
1726 1
1727 1
1728 1
1729 1
1730 1
1731 1
1732 1
1733 1
1734 1
1735 1
1736 0
1737 0
1738 1
1739 1
1740 1
1741 1
1742 4
1743 1
1744 3
1745 1
1746 3
1747 2
1748 2
1749 0
1750 1
1751 0
1752 0
1753 1
1754 2
1755 0
1756 0
1757 0
1758 0
1759 4
1760 1
1761 0
1762 0
1763 0
1764 0
1765 1
1766 1
1767 0
1768 1
1769 1
1770 1
1771 0
1772 0
1773 0
1774 0
1775 0
1776 0
1777 1
1778 0
1779 0
1780 1
1781 0
1782 1
1783 1
1784 0
1785 0
1786 3
1787 1
1788 0
1789 1
1790 1
1791 0
1792 1
1793 1
1794 0
1795 1
1796 1
1797 0
1798 1
1799 1
1800 1
1801 1
1802 1
1803 1
1804 1
1805 1
1806 1
1807 1
1808 1
1809 1
1810 1
1811 1
1812 1
1813 0
1814 0
1815 1
1816 1
1817 1
1818 1
1819 1
1820 1
1821 1
1822 1
1823 0
1824 1
1825 1
1826 1
1827 0
1828 1
1829 1
1830 1
1831 1
1832 0
1833 1
1834 1
1835 4
1836 1
1837 4
1838 1
1839 2
1840 1
1841 1
1842 1
1843 1
1844 1
1845 1
1846 1
1847 1
1848 1
1849 1
1850 1
1851 1
1852 0
1853 1
1854 1
1855 1
1856 1
1857 1
1858 0
1859 1
1860 0
1861 1
1862 1
1863 0
1864 0
1865 0
1866 0
1867 2
1868 0
1869 0
1870 0
1871 2
1872 0
1873 1
1874 0
1875 0
1876 0
1877 0
1878 1
1879 0
1880 0
1881 0
1882 1
1883 0
1884 1
1885 1
1886 0
1887 1
1888 1
1889 2
1890 0
1891 0
1892 1
1893 0
1894 1
1895 1
1896 0
1897 1
1898 1
1899 1
1900 1
1901 1
1902 1
1903 1
1904 1
1905 1
1906 0
1907 0
1908 1
1909 1
1910 0
1911 1
1912 1
1913 1
1914 1
1915 1
1916 0
1917 1
1918 1
1919 1
1920 0
1921 2
1922 1
1923 1
1924 1
1925 0
1926 1
1927 1
1928 1
1929 1
1930 1
1931 1
1932 1
1933 0
1934 3
1935 1
1936 1
1937 1
1938 1
1939 1
1940 0
1941 0
1942 1
1943 1
1944 1
1945 1
1946 1
1947 1
1948 1
1949 1
1950 1
1951 1
1952 1
1953 1
1954 0
1955 1
1956 1
1957 1
1958 1
1959 1
1960 1
1961 1
1962 1
1963 0
1964 1
1965 1
1966 0
1967 0
1968 0
1969 0
1970 0
1971 0
1972 0
1973 0
1974 0
1975 0
1976 0
1977 0
1978 0
1979 0
1980 1
1981 1
1982 0
1983 1
1984 0
1985 0
1986 1
1987 0
1988 1
1989 0
1990 0
1991 1
1992 1
1993 1
1994 1
1995 0
1996 1
1997 0
1998 1
1999 1
2000 1
2001 1
2002 1
2003 1
2004 0
2005 0
2006 1
2007 0
2008 1
2009 1
2010 0
2011 0
2012 1
2013 1
2014 1
2015 1
2016 1
2017 1
2018 1
2019 1
2020 1
2021 1
2022 1
2023 1
2024 1
2025 1
2026 1
2027 1
2028 1
2029 1
2030 1
2031 1
2032 1
2033 0
2034 1
2035 0
2036 0
2037 1
2038 1
2039 1
2040 1
2041 1
2042 1
2043 1
2044 1
2045 1
2046 1
2047 1
2048 1
2049 1
2050 1
2051 1
2052 1
2053 1
2054 1
2055 0
2056 0
2057 1
2058 2
2059 1
2060 1
2061 1
2062 1
2063 2
2064 1
2065 1
2066 1
2067 1
2068 1
2069 0
2070 1
2071 1
2072 1
2073 1
2074 1
2075 1
2076 1
2077 1
2078 1
2079 3
2080 1
2081 1
2082 1
2083 1
2084 0
2085 2
2086 0
2087 4
2088 0
2089 0
2090 0
2091 0
2092 1
2093 0
2094 0
2095 0
2096 0
2097 0
2098 0
2099 0
2100 0
2101 0
2102 0
2103 0
2104 1
2105 1
2106 0
2107 0
2108 1
2109 0
2110 0
2111 1
2112 1
2113 1
2114 0
2115 1
2116 0
2117 1
2118 0
2119 1
2120 1
2121 0
2122 1
2123 1
2124 1
2125 1
2126 1
2127 1
2128 1
2129 0
2130 1
2131 1
2132 1
2133 1
2134 1
2135 1
2136 1
2137 1
2138 1
2139 1
2140 1
2141 1
2142 1
2143 1
2144 1
2145 1
2146 1
2147 0
2148 1
2149 0
2150 1
2151 1
2152 1
2153 1
2154 1
2155 1
2156 1
2157 1
2158 1
2159 1
2160 0
2161 1
2162 1
2163 1
2164 1
2165 1
2166 0
2167 1
2168 1
2169 1
2170 1
2171 1
2172 1
2173 1
2174 1
2175 1
2176 0
2177 0
2178 1
2179 1
2180 1
2181 1
2182 1
2183 1
2184 1
2185 1
2186 1
2187 1
2188 0
2189 2
2190 0
2191 0
2192 0
2193 0
2194 0
2195 0
2196 0
2197 0
2198 0
2199 1
2200 0
2201 0
2202 0
2203 1
2204 0
2205 0
2206 0
2207 0
2208 1
2209 0
2210 1
2211 0
2212 1
2213 1
2214 0
2215 0
2216 1
2217 0
2218 0
2219 0
2220 1
2221 0
2222 1
2223 1
2224 1
2225 0
2226 0
2227 1
2228 1
2229 1
2230 1
2231 1
2232 1
2233 1
2234 1
2235 1
2236 1
2237 1
2238 1
2239 1
2240 0
2241 1
2242 0
2243 1
2244 1
2245 0
2246 1
2247 1
2248 0
2249 2
2250 3
2251 1
2252 1
2253 1
2254 1
2255 1
2256 1
2257 1
2258 1
2259 1
2260 1
2261 1
2262 1
2263 1
2264 1
2265 1
2266 1
2267 1
2268 1
2269 1
2270 1
2271 1
2272 1
2273 0
2274 0
2275 0
2276 1
2277 1
2278 1
2279 1
2280 1
2281 1
2282 1
2283 1
2284 1
2285 1
2286 1
2287 1
2288 1
2289 0
2290 3
2291 1
2292 1
2293 1
2294 0
2295 0
2296 1
2297 0
2298 0
2299 0
2300 0
2301 0
2302 0
2303 1
2304 0
2305 0
2306 1
2307 0
2308 0
2309 0
2310 0
2311 0
2312 1
2313 0
2314 0
2315 1
2316 1
2317 1
2318 1
2319 2
2320 1
2321 1
2322 1
2323 0
2324 1
2325 1
2326 0
2327 1
2328 0
2329 1
2330 1
2331 1
2332 1
2333 0
2334 1
2335 1
2336 1
2337 0
2338 1
2339 0
2340 1
2341 1
2342 1
2343 0
2344 0
2345 1
2346 1
2347 1
2348 0
2349 1
2350 1
2351 1
2352 1
2353 1
2354 0
2355 1
2356 1
2357 1
2358 1
2359 1
2360 1
2361 1
2362 1
2363 1
2364 1
2365 0
2366 1
2367 1
2368 1
2369 0
2370 0
2371 1
2372 0
2373 0
2374 0
2375 0
2376 1
2377 1
2378 0
2379 0
2380 0
2381 0
2382 1
2383 0
2384 1
2385 0
2386 0
2387 1
2388 1
2389 0
2390 0
2391 0
2392 0
2393 1
2394 0
2395 0
2396 0
2397 1
2398 0
2399 0
2400 1
2401 1
2402 1
2403 0
2404 1
2405 1
2406 1
2407 1
2408 1
2409 1
2410 1
2411 1
2412 1
2413 1
2414 1
2415 1
2416 1
2417 1
2418 1
2419 1
2420 1
2421 0
2422 0
2423 1
2424 0
2425 1
2426 1
2427 1
2428 1
2429 1
2430 1
2431 1
2432 1
2433 0
2434 1
2435 1
2436 1
2437 1
2438 0
2439 1
2440 1
2441 0
2442 0
2443 1
2444 1
2445 1
2446 1
2447 1
2448 1
2449 1
2450 1
2451 1
2452 1
2453 1
2454 1
2455 0
2456 1
2457 1
2458 1
2459 1
2460 1
2461 1
2462 1
2463 1
2464 1
2465 1
2466 0
2467 1
2468 1
2469 1
2470 4
2471 1
2472 1
2473 1
2474 1
2475 0
2476 0
2477 0
2478 0
2479 0
2480 0
2481 0
2482 0
2483 0
2484 0
2485 0
2486 1
2487 1
2488 0
2489 0
2490 0
2491 1
2492 0
2493 1
2494 1
2495 0
2496 0
2497 1
2498 0
2499 1
2500 0
2501 0
2502 0
2503 0
2504 0
2505 1
2506 1
2507 1
2508 1
2509 1
2510 1
2511 1
2512 1
2513 1
2514 1
2515 1
2516 1
2517 0
2518 1
2519 1
2520 1
2521 1
2522 0
2523 1
2524 1
2525 1
2526 1
2527 1
2528 1
2529 1
2530 1
2531 1
2532 1
2533 1
2534 1
2535 0
2536 1
2537 1
2538 1
2539 0
2540 1
2541 1
2542 0
2543 1
2544 1
2545 1
2546 0
2547 1
2548 1
2549 1
2550 1
2551 1
2552 1
2553 1
2554 1
2555 1
2556 1
2557 1
2558 1
2559 1
2560 1
2561 1
2562 1
2563 2
2564 1
2565 0
2566 0
2567 0
2568 0
2569 0
2570 0
2571 0
2572 0
2573 0
2574 1
2575 0
2576 1
2577 0
2578 0
2579 0
2580 1
2581 0
2582 1
2583 0
2584 1
2585 0
2586 0
2587 1
2588 1
2589 0
2590 1
2591 0
2592 1
2593 1
2594 1
2595 1
2596 0
2597 1
2598 1
2599 1
2600 4
2601 1
2602 1
2603 1
2604 1
2605 1
2606 1
2607 1
2608 1
2609 1
2610 0
2611 1
2612 1
2613 1
2614 1
2615 1
2616 0
2617 0
2618 1
2619 1
2620 1
2621 0
2622 1
2623 1
2624 1
2625 1
2626 1
2627 0
2628 1
2629 1
2630 1
2631 1
2632 1
2633 1
2634 1
2635 1
2636 1
2637 1
2638 0
2639 0
2640 1
2641 1
2642 1
2643 1
2644 1
2645 1
2646 1
2647 0
2648 0
2649 0
2650 0
2651 0
2652 0
2653 0
2654 0
2655 0
2656 0
2657 0
2658 3
2659 0
2660 0
2661 0
2662 0
2663 0
2664 1
2665 1
2666 0
2667 0
2668 0
2669 1
2670 1
2671 0
2672 0
2673 0
2674 0
2675 0
2676 0
2677 1
2678 1
2679 0
2680 0
2681 0
2682 0
2683 1
2684 1
2685 1
2686 0
2687 1
2688 1
2689 1
2690 0
2691 1
2692 1
2693 1
2694 1
2695 1
2696 1
2697 1
2698 1
2699 1
2700 1
2701 1
2702 0
2703 1
2704 1
2705 1
2706 1
2707 1
2708 0
2709 1
2710 1
2711 1
2712 1
2713 1
2714 1
2715 1
2716 1
2717 2
2718 1
2719 1
2720 1
2721 1
2722 1
2723 1
2724 1
2725 1
2726 1
2727 1
2728 1
2729 1
2730 1
2731 1
2732 1
2733 1
2734 1
2735 1
2736 1
2737 1
2738 1
2739 1
2740 1
2741 1
2742 1
2743 1
2744 1
2745 1
2746 0
2747 0
2748 1
2749 0
2750 0
2751 0
2752 0
2753 0
2754 0
2755 0
2756 0
2757 3
2758 0
2759 0
2760 0
2761 0
2762 0
2763 0
2764 0
2765 0
2766 1
2767 1
2768 1
2769 1
2770 1
2771 0
2772 1
2773 1
2774 0
2775 1
2776 1
2777 0
2778 1
2779 1
2780 1
2781 1
2782 1
2783 0
2784 0
2785 2
2786 0
2787 1
2788 0
2789 1
2790 1
2791 1
2792 1
2793 1
2794 1
2795 1
2796 1
2797 1
2798 1
2799 0
2800 1
2801 0
2802 1
2803 1
2804 1
2805 1
2806 1
2807 1
2808 1
2809 0
2810 0
2811 1
2812 0
2813 1
2814 1
2815 1
2816 1
2817 1
2818 1
2819 1
2820 1
2821 1
2822 1
2823 1
2824 1
2825 1
2826 1
2827 1
2828 1
2829 1
2830 1
2831 1
2832 1
2833 0
2834 0
2835 0
2836 0
2837 0
2838 0
2839 0
2840 0
2841 0
2842 0
2843 0
2844 0
2845 2
2846 0
2847 0
2848 0
2849 1
2850 1
2851 1
2852 0
2853 0
2854 0
2855 0
2856 0
2857 1
2858 1
2859 0
2860 1
2861 0
2862 0
2863 0
2864 0
2865 1
2866 1
2867 0
2868 1
2869 1
2870 0
2871 0
2872 1
2873 1
2874 1
2875 0
2876 1
2877 0
2878 0
2879 1
2880 1
2881 1
2882 1
2883 1
2884 1
2885 0
2886 1
2887 1
2888 1
2889 1
2890 1
2891 1
2892 2
2893 1
2894 1
2895 1
2896 1
2897 1
2898 1
2899 1
2900 1
2901 1
2902 1
2903 1
2904 1
2905 0
2906 0
2907 1
2908 1
2909 0
2910 1
2911 1
2912 1
2913 1
2914 1
2915 1
2916 0
2917 1
2918 1
2919 0
2920 1
2921 1
2922 1
2923 1
2924 1
2925 1
2926 1
2927 1
2928 1
2929 1
2930 1
2931 1
2932 1
2933 0
2934 1
2935 1
2936 1
2937 1
2938 1
2939 1
2940 1
2941 1
2942 1
2943 1
2944 1
2945 0
2946 0
2947 1
2948 0
2949 0
2950 1
2951 1
2952 0
2953 0
2954 0
2955 0
2956 0
2957 0
2958 0
2959 1
2960 1
2961 1
2962 0
2963 1
2964 0
2965 0
2966 0
2967 0
2968 0
2969 0
2970 0
2971 0
2972 1
2973 0
2974 1
2975 0
2976 0
2977 1
2978 0
2979 0
2980 2
2981 1
2982 0
2983 1
2984 0
2985 0
2986 1
2987 1
2988 1
2989 1
2990 1
2991 1
2992 1
2993 1
2994 1
2995 1
2996 1
2997 1
2998 1
2999 0
3000 1
3001 1
3002 0
3003 1
3004 1
3005 0
3006 1
3007 0
3008 1
3009 1
3010 0
3011 1
3012 1
3013 1
3014 1
3015 1
3016 1
3017 1
3018 1
3019 1
3020 1
3021 1
3022 1
3023 1
3024 1
3025 1
3026 1
3027 1
3028 1
3029 1
3030 1
3031 1
3032 1
3033 1
3034 1
3035 1
3036 1
3037 1
3038 1
3039 1
3040 1
3041 1
3042 1
3043 0
3044 0
3045 0
3046 1
3047 1
3048 0
3049 0
3050 1
3051 0
3052 0
3053 0
3054 0
3055 0
3056 0
3057 0
3058 0
3059 0
3060 0
3061 0
3062 0
3063 0
3064 0
3065 0
3066 0
3067 0
3068 0
3069 0
3070 0
3071 1
3072 0
3073 1
3074 1
3075 1
3076 1
3077 1
3078 1
3079 1
3080 1
3081 0
3082 1
3083 1
3084 1
3085 1
3086 1
3087 0
3088 1
3089 3
3090 1
3091 1
3092 1
3093 1
3094 0
3095 1
3096 1
3097 1
3098 1
3099 1
3100 1
3101 1
3102 1
3103 1
3104 1
3105 1
3106 1
3107 1
3108 1
3109 1
3110 1
3111 1
3112 1
3113 3
3114 1
3115 1
3116 1
3117 1
3118 1
3119 1
3120 1
3121 1
3122 1
3123 1
3124 1
3125 1
3126 1
3127 1
3128 1
3129 1
3130 1
3131 1
3132 1
3133 1
3134 1
3135 1
3136 1
3137 0
3138 1
3139 0
3140 0
3141 0
3142 0
3143 0
3144 0
3145 0
3146 0
3147 0
3148 0
3149 0
3150 0
3151 1
3152 1
3153 1
3154 1
3155 0
3156 1
3157 1
3158 0
3159 0
3160 1
3161 0
3162 0
3163 1
3164 0
3165 1
3166 1
3167 1
3168 0
3169 0
3170 0
3171 1
3172 1
3173 1
3174 1
3175 1
3176 1
3177 1
3178 1
3179 1
3180 1
3181 1
3182 0
3183 0
3184 1
3185 1
3186 1
3187 1
3188 0
3189 1
3190 1
3191 0
3192 0
3193 1
3194 1
3195 1
3196 1
3197 0
3198 1
3199 1
3200 1
3201 1
3202 1
3203 1
3204 1
3205 1
3206 1
3207 1
3208 1
3209 1
3210 1
3211 1
3212 1
3213 1
3214 1
3215 1
3216 1
3217 1
3218 1
3219 1
3220 1
3221 1
3222 0
3223 0
3224 1
3225 0
3226 0
3227 0
3228 0
3229 0
3230 0
3231 0
3232 0
3233 0
3234 0
3235 0
3236 0
3237 0
3238 0
3239 0
3240 0
3241 1
3242 0
3243 0
3244 1
3245 1
3246 1
3247 0
3248 0
3249 1
3250 1
3251 0
3252 0
3253 1
3254 1
3255 1
3256 1
3257 0
3258 1
3259 0
3260 1
3261 1
3262 1
3263 0
3264 0
3265 1
3266 1
3267 0
3268 1
3269 1
3270 1
3271 1
3272 1
3273 0
3274 1
3275 1
3276 1
3277 1
3278 1
3279 1
3280 1
3281 1
3282 1
3283 1
3284 1
3285 0
3286 1
3287 1
3288 1
3289 1
3290 1
3291 1
3292 0
3293 0
3294 1
3295 1
3296 1
3297 1
3298 1
3299 1
3300 1
3301 1
3302 1
3303 1
3304 1
3305 1
3306 1
3307 1
3308 1
3309 1
3310 1
3311 1
3312 1
3313 1
3314 1
3315 1
3316 1
3317 1
3318 1
3319 1
3320 1
3321 1
3322 1
3323 1
3324 1
3325 1
3326 1
3327 1
3328 1
3329 0
3330 0
3331 0
3332 0
3333 0
3334 0
3335 0
3336 0
3337 0
3338 0
3339 0
3340 0
3341 0
3342 0
3343 0
3344 0
3345 1
3346 0
3347 1
3348 0
3349 1
3350 0
3351 1
3352 1
3353 1
3354 0
3355 1
3356 1
3357 1
3358 0
3359 0
3360 0
3361 1
3362 1
3363 1
3364 1
3365 1
3366 1
3367 1
3368 1
3369 1
3370 1
3371 1
3372 0
3373 1
3374 1
3375 0
3376 1
3377 1
3378 1
3379 1
3380 1
3381 1
3382 1
3383 1
3384 0
3385 1
3386 1
3387 1
3388 1
3389 1
3390 1
3391 1
3392 1
3393 1
3394 1
3395 1
3396 1
3397 1
3398 1
3399 1
3400 1
3401 1
3402 1
3403 1
3404 1
3405 1
3406 1
3407 1
3408 1
3409 1
3410 1
3411 1
3412 1
3413 4
3414 0
3415 0
3416 0
3417 0
3418 0
3419 0
3420 0
3421 0
3422 0
3423 0
3424 0
3425 0
3426 0
3427 0
3428 0
3429 0
3430 0
3431 1
3432 1
3433 0
3434 0
3435 1
3436 1
3437 1
3438 1
3439 1
3440 1
3441 1
3442 0
3443 0
3444 1
3445 1
3446 1
3447 1
3448 0
3449 1
3450 1
3451 1
3452 1
3453 1
3454 1
3455 1
3456 1
3457 1
3458 1
3459 1
3460 0
3461 1
3462 1
3463 1
3464 1
3465 1
3466 1
3467 1
3468 1
3469 0
3470 0
3471 0
3472 0
3473 0
3474 1
3475 1
3476 1
3477 1
3478 1
3479 1
3480 1
3481 1
3482 0
3483 1
3484 1
3485 1
3486 1
3487 1
3488 1
3489 1
3490 1
3491 1
3492 1
3493 1
3494 1
3495 1
3496 1
3497 1
3498 1
3499 1
3500 1
3501 1
3502 1
3503 1
3504 1
3505 1
3506 0
3507 0
3508 0
3509 0
3510 0
3511 0
3512 0
3513 0
3514 0
3515 0
3516 0
3517 0
3518 0
3519 0
3520 0
3521 0
3522 0
3523 0
3524 0
3525 1
3526 0
3527 1
3528 1
3529 1
3530 1
3531 1
3532 1
3533 0
3534 1
3535 1
3536 1
3537 1
3538 1
3539 1
3540 1
3541 1
3542 1
3543 0
3544 1
3545 0
3546 1
3547 1
3548 0
3549 0
3550 1
3551 1
3552 1
3553 1
3554 1
3555 1
3556 1
3557 1
3558 1
3559 1
3560 1
3561 1
3562 1
3563 0
3564 1
3565 1
3566 1
3567 0
3568 0
3569 1
3570 2
3571 0
3572 0
3573 0
3574 0
3575 1
3576 1
3577 0
3578 2
3579 0
3580 0
3581 1
3582 2
3583 2
3584 0
3585 1
3586 1
3587 1
3588 1
3589 1
3590 0
3591 1
3592 1
3593 1
3594 0
3595 1
3596 0
3597 1
3598 1
3599 1
3600 1
3601 1
3602 0
3603 0
3604 0
3605 1
3606 0
3607 1
3608 5
3609 2
3610 0
3611 1
3612 0
3613 1
3614 0
3615 0
3616 2
3617 0
3618 0
3619 0
3620 1
3621 1
3622 1
3623 1
3624 1
3625 0
3626 1
3627 1
3628 1
3629 1
3630 1
3631 1
3632 0
3633 0
3634 1
3635 1
3636 1
3637 1
3638 0
3639 1
3640 0
3641 2
3642 1
3643 2
3644 2
3645 0
3646 0
3647 1
3648 0
3649 1
3650 1
3651 2
3652 3
3653 0
3654 1
3655 0
3656 1
3657 0
3658 1
3659 3
3660 0
3661 0
3662 1
3663 0
3664 0
3665 0
3666 0
3667 3
3668 3
3669 0
3670 0
3671 0
3672 0
3673 0
3674 0
3675 0
3676 0
3677 0
3678 0
3679 0
3680 0
3681 0
3682 0
3683 0
3684 1
3685 0
3686 1
3687 0
3688 1
3689 0
3690 0
3691 1
3692 0
3693 0
3694 1
3695 1
3696 0
3697 1
3698 0
3699 2
3700 0
3701 0
3702 1
3703 1
3704 0
3705 1
3706 1
3707 4
3708 1
3709 2
3710 0
3711 1
3712 0
3713 0
3714 0
3715 1
3716 0
3717 1
3718 0
3719 0
3720 0
3721 1
3722 0
3723 4
3724 0
3725 6
3726 0
3727 2
3728 2
3729 2
3730 1
3731 1
3732 0
3733 0
3734 0
3735 1
3736 1
3737 0
3738 0
3739 1
3740 1
3741 1
3742 0
3743 1
3744 1
3745 1
3746 1
3747 0
3748 1
3749 1
3750 1
3751 1
3752 1
3753 0
3754 1
3755 1
3756 0
3757 0
3758 0
3759 4
3760 2
3761 1
3762 0
3763 0
3764 0
3765 0
3766 0
3767 0
3768 0
3769 3
3770 1
3771 1
3772 1
3773 1
3774 1
3775 1
3776 1
3777 1
3778 3
3779 0
3780 1
3781 1
3782 1
3783 1
3784 1
3785 1
3786 0
3787 0
3788 1
3789 1
3790 1
3791 1
3792 1
3793 1
3794 4
3795 0
3796 5
3797 0
3798 1
3799 1
3800 0
3801 0
3802 1
3803 1
3804 2
3805 2
3806 0
3807 0
3808 1
3809 1
3810 1
3811 0
3812 6
3813 1
3814 1
3815 1
3816 1
3817 0
3818 0
3819 1
3820 1
3821 2
3822 1
3823 0
3824 0
3825 1
3826 1
3827 0
3828 0
3829 1
3830 0
3831 1
3832 2
3833 2
3834 2
3835 2
3836 0
3837 0
3838 9
3839 1
3840 2
3841 0
3842 2
3843 4
3844 2
3845 2
3846 0
3847 0
3848 0
3849 1
3850 2
3851 1
3852 1
3853 0
3854 7
3855 6
3856 4
3857 2
3858 2
3859 1
3860 1
3861 0
3862 2
3863 3
3864 0
3865 0
3866 0
3867 0
3868 0
3869 0
3870 0
3871 0
3872 0
3873 3
3874 0
3875 0
3876 0
3877 1
3878 0
3879 0
3880 1
3881 2
3882 4
3883 4
3884 3
3885 3
3886 0
3887 0
3888 0
3889 2
3890 0
3891 0
3892 1
3893 1
3894 0
3895 2
3896 0
3897 4
3898 1
3899 1
3900 0
3901 1
3902 1
3903 1
3904 0
3905 1
3906 1
3907 1
3908 1
3909 0
3910 2
3911 0
3912 1
3913 0
3914 1
3915 0
3916 1
3917 1
3918 1
3919 1
3920 1
3921 0
3922 2
3923 1
3924 1
3925 0
3926 1
3927 1
3928 0
3929 1
3930 1
3931 0
3932 1
3933 3
3934 1
3935 7
3936 2
3937 0
3938 1
3939 1
3940 1
3941 1
3942 1
3943 1
3944 4
3945 1
3946 1
3947 2
3948 1
3949 1
3950 1
3951 1
3952 1
3953 1
3954 0
3955 1
3956 0
3957 1
3958 3
3959 0
3960 1
3961 5
3962 0
3963 0
3964 1
3965 0
3966 2
3967 1
3968 1
3969 0
3970 0
3971 0
3972 1
3973 1
3974 1
3975 0
3976 1
3977 2
3978 1
3979 3
3980 2
3981 2
3982 1
3983 1
3984 0
3985 2
3986 0
3987 5
3988 5
3989 2
3990 2
3991 5
3992 6
3993 2
3994 2
3995 2
3996 1
3997 3
3998 3
3999 1
4000 2
4001 1
4002 1
4003 1
4004 1
4005 1
4006 0
4007 1
4008 1
4009 1
4010 3
4011 1
4012 1
4013 5
4014 5
4015 1
4016 1
4017 3
4018 2
4019 1
4020 1
4021 3
4022 3
4023 2
4024 1
4025 6
4026 1
4027 2
4028 0
4029 3
4030 3
4031 4
4032 1
4033 2
4034 4
4035 0
4036 2
4037 0
4038 3
4039 0
4040 1
4041 4
4042 4
4043 2
4044 2
4045 4
4046 0
4047 0
4048 0
4049 1
4050 0
4051 0
4052 4
4053 0
4054 0
4055 0
4056 1
4057 2
4058 2
4059 2
4060 6
4061 0
4062 0
4063 6
4064 2
4065 2
4066 5
4067 1
4068 2
4069 0
4070 0
4071 2
4072 4
4073 4
4074 3
4075 3
4076 0
4077 1
4078 3
4079 1
4080 2
4081 1
4082 1
4083 0
4084 1
4085 1
4086 1
4087 0
4088 2
4089 0
4090 2
4091 2
4092 0
4093 1
4094 1
4095 1
4096 1
4097 0
4098 1
4099 1
4100 1
4101 1
4102 1
4103 1
4104 1
4105 1
4106 1
4107 1
4108 0
4109 1
4110 1
4111 1
4112 0
4113 1
4114 1
4115 0
4116 0
4117 1
4118 1
4119 1
4120 1
4121 1
4122 0
4123 1
4124 0
4125 0
4126 1
4127 1
4128 1
4129 1
4130 1
4131 1
4132 1
4133 1
4134 1
4135 1
4136 1
4137 1
4138 1
4139 1
4140 1
4141 1
4142 1
4143 4
4144 2
4145 0
4146 0
4147 0
4148 0
4149 0
4150 0
4151 0
4152 0
4153 0
4154 0
4155 1
4156 1
4157 1
4158 0
4159 1
4160 0
4161 0
4162 1
4163 0
4164 0
4165 0
4166 0
4167 0
4168 1
4169 2
4170 1
4171 1
4172 1
4173 0
4174 0
4175 0
4176 1
4177 1
4178 1
4179 1
4180 0
4181 0
4182 0
4183 0
4184 0
4185 0
4186 1
4187 1
4188 3
4189 1
4190 1
4191 2
4192 1
4193 1
4194 1
4195 2
4196 1
4197 0
4198 3
4199 3
4200 1
4201 1
4202 1
4203 1
4204 3
4205 3
4206 1
4207 2
4208 0
4209 5
4210 1
4211 1
4212 1
4213 0
4214 1
4215 1
4216 1
4217 0
4218 1
4219 1
4220 0
4221 1
4222 0
4223 1
4224 2
4225 0
4226 1
4227 0
4228 1
4229 3
4230 2
4231 2
4232 4
4233 1
4234 3
4235 1
4236 0
4237 1
4238 1
4239 2
4240 0
4241 4
4242 2
4243 1
4244 1
4245 1
4246 1
4247 1
4248 0
4249 1
4250 1
4251 3
4252 1
4253 2
4254 0
4255 1
4256 1
4257 1
4258 1
4259 1
4260 1
4261 2
4262 0
4263 0
4264 4
4265 2
4266 0
4267 0
4268 0
4269 0
4270 1
4271 3
4272 0
4273 0
4274 5
4275 1
4276 0
4277 0
4278 0
4279 1
4280 0
4281 1
4282 0
4283 0
4284 0
4285 0
4286 0
4287 0
4288 0
4289 0
4290 5
4291 3
4292 0
4293 0
4294 0
4295 0
4296 1
4297 1
4298 1
4299 1
4300 1
4301 1
4302 1
4303 1
4304 1
4305 1
4306 0
4307 1
4308 0
4309 0
4310 1
4311 1
4312 0
4313 1
4314 1
4315 1
4316 1
4317 1
4318 1
4319 1
4320 1
4321 0
4322 1
4323 1
4324 1
4325 1
4326 1
4327 1
4328 0
4329 2
4330 0
4331 1
4332 1
4333 1
4334 1
4335 1
4336 1
4337 1
4338 1
4339 1
4340 1
4341 1
4342 0
4343 1
4344 0
4345 1
4346 1
4347 1
4348 1
4349 1
4350 1
4351 1
4352 1
4353 1
4354 1
4355 1
4356 1
4357 1
4358 1
4359 1
4360 1
4361 0
4362 0
4363 0
4364 0
4365 0
4366 0
4367 0
4368 0
4369 0
4370 0
4371 0
4372 0
4373 0
4374 0
4375 0
4376 0
4377 0
4378 0
4379 0
4380 0
4381 0
4382 1
4383 0
4384 1
4385 1
4386 1
4387 1
4388 1
4389 1
4390 1
4391 0
4392 1
4393 1
4394 1
4395 1
4396 1
4397 1
4398 1
4399 1
4400 1
4401 1
4402 1
4403 1
4404 0
4405 0
4406 1
4407 1
4408 1
4409 1
4410 1
4411 1
4412 1
4413 1
4414 1
4415 1
4416 1
4417 1
4418 1
4419 1
4420 1
4421 1
4422 1
4423 1
4424 1
4425 1
4426 0
4427 1
4428 1
4429 1
4430 1
4431 1
4432 1
4433 1
4434 1
4435 1
4436 1
4437 0
4438 0
4439 0
4440 0
4441 0
4442 0
4443 0
4444 0
4445 0
4446 0
4447 0
4448 1
4449 0
4450 0
4451 1
4452 0
4453 1
4454 0
4455 1
4456 1
4457 1
4458 0
4459 1
4460 1
4461 1
4462 1
4463 0
4464 0
4465 1
4466 1
4467 0
4468 0
4469 1
4470 0
4471 1
4472 1
4473 1
4474 1
4475 1
4476 1
4477 1
4478 0
4479 1
4480 1
4481 1
4482 1
4483 1
4484 1
4485 1
4486 1
4487 1
4488 0
4489 1
4490 1
4491 1
4492 1
4493 1
4494 1
4495 0
4496 0
4497 1
4498 1
4499 1
4500 1
4501 1
4502 0
4503 0
4504 0
4505 0
4506 0
4507 0
4508 0
4509 1
4510 0
4511 0
4512 0
4513 0
4514 0
4515 1
4516 0
4517 0
4518 0
4519 0
4520 0
4521 0
4522 0
4523 1
4524 0
4525 0
4526 0
4527 1
4528 0
4529 0
4530 1
4531 1
4532 1
4533 0
4534 0
4535 0
4536 1
4537 1
4538 1
4539 1
4540 1
4541 1
4542 0
4543 1
4544 1
4545 1
4546 1
4547 0
4548 0
4549 0
4550 1
4551 1
4552 1
4553 1
4554 1
4555 1
4556 1
4557 0
4558 0
4559 0
4560 0
4561 0
4562 1
4563 1
4564 1
4565 1
4566 0
4567 1
4568 0
4569 0
4570 1
4571 1
4572 0
4573 0
4574 0
4575 1
4576 1
4577 1
4578 1
4579 1
4580 0
4581 1
4582 0
4583 1
4584 0
4585 1
4586 1
4587 1
4588 0
4589 1
4590 1
4591 1
4592 1
4593 1
4594 1
4595 1
4596 1
4597 0
4598 0
4599 1
4600 1
4601 0
4602 0
4603 1
4604 0
4605 1
4606 0
4607 2
4608 0
4609 1
4610 0
4611 0
4612 0
4613 0
4614 0
4615 1
4616 0
4617 0
4618 0
4619 0
4620 0
4621 0
4622 0
4623 0
4624 1
4625 0
4626 0
4627 0
4628 1
4629 1
4630 0
4631 0
4632 1
4633 0
4634 1
4635 1
4636 1
4637 0
4638 0
4639 0
4640 0
4641 0
4642 0
4643 1
4644 1
4645 1
4646 1
4647 0
4648 0
4649 1
4650 1
4651 1
4652 1
4653 0
4654 1
4655 1
4656 0
4657 0
4658 0
4659 1
4660 0
4661 0
4662 1
4663 1
4664 1
4665 1
4666 1
4667 0
4668 1
4669 1
4670 0
4671 1
4672 1
4673 0
4674 1
4675 0
4676 0
4677 0
4678 0
4679 1
4680 1
4681 0
4682 1
4683 1
4684 1
4685 1
4686 0
4687 1
4688 1
4689 1
4690 1
4691 1
4692 0
4693 1
4694 1
4695 1
4696 0
4697 0
4698 0
4699 0
4700 1
4701 0
4702 0
4703 0
4704 0
4705 0
4706 0
4707 0
4708 0
4709 0
4710 0
4711 0
4712 0
4713 0
4714 0
4715 0
4716 1
4717 0
4718 0
4719 0
4720 0
4721 0
4722 0
4723 0
4724 0
4725 0
4726 0
4727 0
4728 0
4729 1
4730 1
4731 1
4732 0
4733 1
4734 1
4735 1
4736 1
4737 1
4738 1
4739 1
4740 1
4741 1
4742 0
4743 1
4744 1
4745 1
4746 1
4747 1
4748 1
4749 1
4750 1
4751 0
4752 1
4753 1
4754 0
4755 1
4756 0
4757 1
4758 1
4759 1
4760 1
4761 1
4762 1
4763 1
4764 1
4765 0
4766 1
4767 0
4768 1
4769 1
4770 1
4771 1
4772 1
4773 0
4774 1
4775 0
4776 0
4777 1
4778 1
4779 1
4780 1
4781 1
4782 1
4783 1
4784 1
4785 1
4786 1
4787 0
4788 0
4789 1
4790 1
4791 1
4792 0
4793 0
4794 1
4795 1
4796 3
4797 0
4798 1
4799 1
4800 3
4801 1
4802 1
4803 1
4804 1
4805 1
4806 1
4807 1
4808 1
4809 1
4810 1
4811 1
4812 1
4813 1
4814 1
4815 1
4816 0
4817 3
4818 1
4819 1
4820 0
4821 0
4822 0
4823 1
4824 0
4825 0
4826 0
4827 2
4828 3
4829 0
4830 0
4831 4
4832 0
4833 0
4834 0
4835 0
4836 0
4837 0
4838 0
4839 1
4840 0
4841 0
4842 0
4843 0
4844 0
4845 0
4846 0
4847 1
4848 0
4849 2
4850 3
4851 0
4852 1
4853 1
4854 0
4855 1
4856 1
4857 0
4858 0
4859 1
4860 1
4861 0
4862 1
4863 1
4864 0
4865 1
4866 1
4867 2
4868 0
4869 1
4870 0
4871 1
4872 1
4873 1
4874 1
4875 1
4876 1
4877 1
4878 1
4879 1
4880 0
4881 1
4882 4
4883 0
4884 1
4885 1
4886 3
4887 1
4888 2
4889 1
4890 1
4891 1
4892 1
4893 2
4894 1
4895 1
4896 1
4897 1
4898 1
4899 1
4900 1
4901 0
4902 1
4903 1
4904 1
4905 1
4906 1
4907 1
4908 1
4909 0
4910 1
4911 0
4912 2
4913 1
4914 3
4915 1
4916 1
4917 1
4918 1
4919 1
4920 0
4921 3
4922 1
4923 0
4924 0
4925 2
4926 1
4927 1
4928 1
4929 0
4930 1
4931 1
4932 2
4933 1
4934 0
4935 1
4936 2
4937 2
4938 0
4939 2
4940 0
4941 0
4942 0
4943 0
4944 0
4945 0
4946 0
4947 0
4948 0
4949 0
4950 0
4951 0
4952 0
4953 0
4954 0
4955 1
4956 0
4957 0
4958 0
4959 1
4960 0
4961 0
4962 0
4963 1
4964 1
4965 1
4966 1
4967 0
4968 1
4969 1
4970 0
4971 1
4972 1
4973 0
4974 1
4975 1
4976 1
4977 1
4978 1
4979 1
4980 1
4981 1
4982 1
4983 1
4984 1
4985 1
4986 0
4987 0
4988 1
4989 1
4990 1
4991 0
4992 2
4993 1
4994 0
4995 1
4996 1
4997 1
4998 1
4999 1
5000 1
5001 1
5002 1
5003 1
5004 1
5005 1
5006 1
5007 1
5008 1
5009 1
5010 1
5011 1
5012 1
5013 0
5014 1
5015 1
5016 1
5017 0
5018 1
5019 1
5020 1
5021 1
5022 0
5023 2
5024 1
5025 1
5026 1
5027 1
5028 0
5029 1
5030 1
5031 1
5032 1
5033 1
5034 0
5035 1
5036 1
5037 1
5038 1
5039 0
5040 2
5041 1
5042 1
5043 1
5044 1
5045 1
5046 1
5047 1
5048 1
5049 1
5050 1
5051 1
5052 2
5053 0
5054 1
5055 1
5056 2
5057 1
5058 1
5059 1
5060 2
5061 0
5062 3
5063 0
5064 1
5065 0
5066 0
5067 1
5068 0
5069 1
5070 1
5071 0
5072 1
5073 3
5074 1
5075 1
5076 0
5077 0
5078 1
5079 1
5080 0
5081 1
5082 0
5083 0
5084 0
5085 1
5086 1
5087 1
5088 0
5089 1
5090 0
5091 1
5092 0
5093 0
5094 1
5095 0
5096 1
5097 0
5098 0
5099 1
5100 1
5101 0
5102 1
5103 0
5104 1
5105 0
5106 1
5107 0
5108 1
5109 0
5110 1
5111 0
5112 1
5113 1
5114 0
5115 1
5116 1
5117 1
5118 0
5119 0
5120 0
5121 2
5122 1
5123 1
5124 1
5125 1
5126 0
5127 2
5128 1
5129 0
5130 2
5131 0
5132 1
5133 2
5134 0
5135 1
5136 0
5137 1
5138 0
5139 1
5140 0
5141 2
5142 1
5143 0
5144 0
5145 0
5146 1
5147 1
5148 0
5149 0
5150 0
5151 0
5152 2
5153 0
5154 1
5155 1
5156 1
5157 0
5158 2
5159 0
5160 0
5161 0
5162 1
5163 0
5164 0
5165 1
5166 0
5167 0
5168 0
5169 0
5170 1
5171 0
5172 1
5173 2
5174 0
5175 0
5176 1
5177 3
5178 0
5179 4
5180 0
5181 0
5182 0
5183 0
5184 0
5185 1
5186 4
5187 0
5188 0
5189 0
5190 0
5191 1
5192 1
5193 0
5194 0
5195 0
5196 0
5197 0
5198 0
5199 1
5200 0
5201 0
5202 0
5203 0
5204 0
5205 0
5206 0
5207 0
5208 0
5209 1
5210 0
5211 0
5212 0
5213 0
5214 0
5215 4
5216 0
5217 1
5218 0
5219 0
5220 0
5221 0
5222 0
5223 0
5224 1
5225 0
5226 1
5227 0
5228 1
5229 1
5230 0
5231 0
5232 0
5233 0
5234 0
5235 3
5236 0
5237 3
5238 1
5239 1
5240 0
5241 2
5242 0
5243 0
5244 0
5245 0
5246 2
5247 0
5248 1
5249 0
5250 0
5251 2
5252 0
5253 3
5254 0
5255 1
5256 2
5257 0
5258 0
5259 0
5260 0
5261 2
5262 0
5263 4
5264 0
5265 1
5266 0
5267 2
5268 0
5269 0
5270 0
5271 0
5272 4
5273 1
5274 1
5275 0
5276 1
5277 4
5278 0
5279 0
5280 0
5281 0
5282 0
5283 0
5284 3
5285 0
5286 0
5287 3
5288 0
5289 0
5290 0
5291 0
5292 0
5293 1
5294 0
5295 4
5296 2
5297 0
5298 1
5299 1
5300 0
5301 0
5302 2
5303 2
5304 0
5305 0
5306 0
5307 0
5308 0
5309 0
5310 2
5311 0
5312 1
5313 0
5314 0
5315 0
5316 1
5317 0
5318 1
5319 0
5320 0
5321 0
5322 0
5323 1
5324 0
5325 0
5326 0
5327 0
5328 0
5329 0
5330 0
5331 0
5332 0
5333 0
5334 0
5335 0
5336 0
5337 0
5338 0
5339 1
5340 0
5341 0
5342 0
5343 0
5344 2
5345 0
5346 0
5347 0
5348 4
5349 0
5350 2
5351 0
5352 0
5353 0
5354 0
5355 3
5356 0
5357 1
5358 0
5359 0
5360 3
5361 0
5362 0
5363 2
5364 4
5365 0
5366 0
5367 0
5368 0
5369 0
5370 0
5371 0
5372 0
5373 3
5374 3
5375 0
5376 0
5377 2
5378 0
5379 0
5380 0
5381 1
5382 1
5383 0
5384 0
5385 0
5386 1
5387 1
5388 0
5389 0
5390 0
5391 3
5392 0
5393 0
5394 0
5395 0
5396 2
5397 0
5398 0
5399 0
5400 1
5401 3
5402 0
5403 0
5404 0
5405 0
5406 1
5407 0
5408 4
5409 1
5410 0
5411 0
5412 0
5413 0
5414 0
5415 1
5416 0
5417 1
5418 0
5419 0
5420 0
5421 0
5422 0
5423 0
5424 0
5425 0
5426 1
5427 0
5428 0
5429 0
5430 1
5431 0
5432 0
5433 0
5434 0
5435 0
5436 0
5437 0
5438 3
5439 1
5440 0
5441 0
5442 1
5443 0
5444 0
5445 1
5446 0
5447 1
5448 0
5449 1
5450 1
5451 0
5452 0
5453 0
5454 0
5455 0
5456 1
5457 1
5458 2
5459 0
5460 0
5461 4
5462 0
5463 0
5464 2
5465 0
5466 0
5467 0
5468 2
5469 0
5470 0
5471 0
5472 0
5473 0
5474 0
5475 3
5476 0
5477 0
5478 0
5479 0
5480 1
5481 0
5482 2
5483 1
5484 0
5485 0
5486 3
5487 0
5488 2
5489 0
5490 1
5491 0
5492 0
5493 3
5494 0
5495 1
5496 0
5497 3
5498 0
5499 0
5500 0
5501 3
5502 1
5503 4
5504 1
5505 2
5506 3
5507 1
5508 1
5509 3
5510 4
5511 0
5512 4
5513 0
5514 5
5515 4
5516 4
5517 0
5518 2
5519 3
5520 3
5521 1
5522 1
5523 2
5524 1
5525 0
5526 1
5527 5
5528 1
5529 0
5530 0
5531 2
5532 1
5533 0
5534 4
5535 4
5536 1
5537 1
5538 2
5539 3
5540 4
5541 1
5542 4
5543 0
5544 2
5545 0
5546 2
5547 4
5548 0
5549 2
5550 0
5551 2
5552 0
5553 3
5554 1
5555 1
5556 2
5557 1
5558 3
5559 0
5560 0
5561 5
5562 2
5563 4
5564 1
5565 2
5566 2
5567 5
5568 4
5569 4
5570 3
5571 2
5572 0
5573 0
5574 2
5575 0
5576 0
5577 5
5578 3
5579 4
5580 4
5581 0
5582 1
5583 1
5584 2
5585 4
5586 0
5587 5
5588 4
5589 2
5590 0
5591 1
5592 0
5593 1
5594 0
5595 6
5596 8
5597 0
5598 0
5599 1
5600 0
5601 1
5602 0
5603 1
5604 2
5605 2
5606 1
5607 0
5608 0
5609 2
5610 0
5611 2
5612 1
5613 2
5614 3
5615 2
5616 1
5617 1
5618 2
5619 1
5620 2
5621 3
5622 1
5623 0
5624 0
5625 3
5626 0
5627 3
5628 4
5629 2
5630 1
5631 1
5632 1
5633 0
5634 1
5635 0
5636 2
5637 0
5638 2
5639 4
5640 5
5641 0
5642 3
5643 4
5644 2
5645 2
5646 0
5647 6
5648 0
5649 5
5650 0
5651 1
5652 2
5653 0
5654 5
5655 0
5656 1
5657 1
5658 0
5659 1
5660 1
5661 1
5662 0
5663 1
5664 0
5665 2
5666 2
5667 3
5668 2
5669 1
5670 1
5671 2
5672 0
5673 2
5674 3
5675 4
5676 2
5677 2
5678 1
5679 1
5680 3
5681 3
5682 1
5683 4
5684 2
5685 1
5686 0
5687 1
5688 0
5689 3
5690 5
5691 3
5692 3
5693 3
5694 4
5695 5
5696 1
5697 3
5698 4
5699 2
5700 4
5701 2
5702 4
5703 2
5704 3
5705 2
5706 0
5707 2
5708 6
5709 0
5710 1
5711 4
5712 3
5713 1
5714 0
5715 3
5716 4
5717 1
5718 3
5719 2
5720 0
5721 0
5722 5
5723 3
5724 3
5725 1
5726 0
5727 1
5728 0
5729 6
5730 0
5731 3
5732 2
5733 0
5734 0
5735 1
5736 5
5737 0
5738 2
5739 1
5740 2
5741 2
5742 0
5743 1
5744 1
5745 3
5746 1
5747 1
5748 0
5749 2
5750 2
5751 0
5752 1
5753 1
5754 5
5755 1
5756 1
5757 0
5758 0
5759 1
5760 2
5761 1
5762 2
5763 3
5764 2
5765 1
5766 1
5767 0
5768 0
5769 0
5770 2
5771 3
5772 0
5773 0
5774 2
5775 0
5776 2
5777 6
5778 2
5779 4
5780 0
5781 0
5782 2
5783 1
5784 5
5785 2
5786 1
5787 1
5788 2
5789 4
5790 2
5791 3
5792 1
5793 1
5794 1
5795 1
5796 3
5797 4
5798 3
5799 2
5800 3
5801 3
5802 0
5803 0
5804 0
5805 4
5806 0
5807 0
5808 0
