0 1
1 2
2 3
3 3
4 3
5 0
6 2
7 3
8 2
9 2
10 3
11 1
12 0
13 1
14 3
15 4
16 3
17 3
18 3
19 0
20 2
21 4
22 4
23 4
24 5
25 3
26 1
27 4
28 4
29 5
30 5
31 5
32 4
33 0
34 3
35 5
36 7
37 6
38 6
39 4
40 1
41 3
42 5
43 6
44 6
45 5
46 5
47 0
48 4
49 5
50 6
51 5
52 6
53 5
54 1
55 4
56 6
57 7
58 7
59 4
60 3
61 1
62 3
63 5
64 5
65 6
66 6
67 4
68 2
69 4
70 6
71 5
72 6
73 6
74 4
75 1
76 5
77 5
78 6
79 6
80 6
81 5
82 0
83 4
84 5
85 6
86 6
87 6
88 4
89 2
90 5
91 6
92 4
93 6
94 5
95 3
96 0
97 5
98 5
99 5
100 6
101 6
102 4
103 1
104 7
105 7
106 5
107 5
108 6
109 6
110 1
111 6
112 5
113 5
114 4
115 8
116 4
117 1
118 5
119 6
120 5
121 6
122 6
123 2
124 2
125 6
126 5
127 6
128 7
129 5
130 6
131 0
132 5
133 6
134 7
135 6
136 5
137 5
138 2
139 5
140 6
141 7
142 6
143 6
144 5
145 1
146 5
147 6
148 7
149 6
150 6
151 5
152 1
153 4
154 6
155 5
156 5
157 4
158 3
159 2
160 5
161 6
162 6
163 6
164 4
165 3
166 1
167 3
168 6
169 6
170 4
171 5
172 5
173 2
174 4
175 6
176 5
177 5
178 5
179 4
180 1
181 6
182 6
183 6
184 6
185 6
186 2
187 1
188 3
189 6
190 5
191 4
192 5
193 4
194 0
195 6
196 7
197 6
198 6
199 5
200 3
201 2
202 4
203 6
204 5
205 6
206 4
207 3
208 2
209 5
210 6
211 5
212 5
213 4
214 5
215 2
216 5
217 6
218 7
219 6
220 5
221 5
222 1
223 4
224 5
225 5
226 7
227 7
228 3
229 0
230 6
231 6
232 6
233 7
234 5
235 2
236 1
237 5
238 6
239 6
240 4
241 5
242 3
243 1
244 6
245 5
246 5
247 5
248 4
249 1
250 1
251 3
252 6
253 5
254 7
255 4
256 2
257 1
258 4
259 7
260 6
261 4
262 5
263 3
264 2
265 5
266 7
267 5
268 6
269 5
270 2
271 1
272 5
273 6
274 6
275 6
276 6
277 1
278 1
279 5
280 6
281 4
282 6
283 5
284 2
285 0
286 6
287 6
288 5
289 6
290 5
291 3
292 1
293 5
294 5
295 6
296 7
297 6
298 2
299 0
300 4
301 6
302 5
303 6
304 6
305 2
306 1
307 6
308 6
309 4
310 5
311 5
312 1
313 1
314 5
315 6
316 7
317 8
318 5
319 3
320 1
321 4
322 6
323 5
324 4
325 5
326 1
327 1
328 6
329 5
330 4
331 7
332 6
333 1
334 0
335 6
336 6
337 5
338 6
339 6
340 1
341 1
342 4
343 5
344 5
345 6
346 4
347 1
348 2
349 5
350 6
351 6
352 4
353 4
354 1
355 0
356 3
357 4
358 2
359 1
360 0
361 0
362 0
363 0
364 0
365 1
366 0
367 0
368 0
369 0
370 1
371 1
372 0
373 1
374 0
375 0
376 0
377 0
378 0
379 2
380 0
381 0
382 0
383 0
384 0
385 0
386 0
387 0
388 0
389 0
390 0
391 0
392 0
393 0
394 0
395 0
396 0
397 0
398 0
399 0
400 0
401 0
402 0
403 0
404 0
405 0
406 0
407 0
408 0
409 0
410 0
411 0
412 0
413 0
414 0
415 0
416 0
417 0
418 0
419 0
420 0
421 0
422 0
423 0
424 0
425 0
426 0
427 0
428 0
