0 0
1 0
2 0
3 0
4 3.0
5 3.0
6 2.0
7 2.0
8 2.0
9 2.0
10 2.3333333333333335
11 2.6666666666666665
12 3.0
13 2.0
14 3.0
15 0
16 2.0
17 2.6666666666666665
18 2.0
19 3.5
20 3.5
21 2.0
22 2.0
23 2.0
24 2.0
25 2.5
26 4.0
27 3.0
28 4.666666666666667
29 2.3333333333333335
30 2.5
31 4.75
32 5.0
33 3.6666666666666665
34 3.5
35 2.3333333333333335
36 3.0
37 3.5
38 4.5
39 4.0
40 3.0
41 5.25
42 4.5
43 6.0
44 2.5
45 8.0
46 4.333333333333333
47 3.5
48 3.0
49 3.0
50 2.0
51 2.3333333333333335
52 3.0
53 3.0
54 2.5
55 4.0
56 4.0
57 3.0
58 3.6666666666666665
59 3.75
60 4.5
61 3.2
62 3.0
63 2.75
64 2.0
65 3.0
66 3.3333333333333335
67 5.0
68 7.0
69 2.75
70 3.0
71 2.5
72 0
73 2.5
74 2.0
75 2.0
76 2.0
77 0
78 3.0
79 3.0
80 6.0
81 4.0
82 3.6666666666666665
83 2.6666666666666665
84 3.0
85 2.6666666666666665
86 2.6666666666666665
87 5.0
88 5.5
89 6.0
90 6.25
91 2.6666666666666665
92 2.0
93 3.0
94 3.0
95 3.0
96 5.0
97 2.5
98 3.3333333333333335
99 2.0
100 2.5
101 3.0
102 4.0
103 6.5
104 2.0
105 3.0
106 2.0
107 4.0
108 8.0
109 6.333333333333333
110 3.8
111 5.666666666666667
112 9.0
113 5.666666666666667
114 5.25
115 7.25
116 6.0
117 5.75
118 3.0
119 3.3333333333333335
120 3.0
121 3.5
122 4.333333333333333
123 7.0
124 5.0
125 4.0
126 3.0
127 4.0
128 3.5
129 2.0
130 2.6666666666666665
131 3.3333333333333335
132 4.0
133 4.0
134 5.0
135 4.0
136 3.75
137 3.75
138 3.25
139 3.0
140 3.5
141 4.0
142 4.0
143 5.333333333333333
144 2.5
145 3.5
146 2.6666666666666665
147 4.5
148 7.0
149 4.0
150 3.0
151 3.0
152 3.3333333333333335
153 2.5
154 6.0
155 6.0
156 3.0
157 3.0
158 3.4
159 4.4
160 3.3333333333333335
161 3.3333333333333335
162 4.0
163 3.0
164 3.6
165 6.5
166 6.75
167 5.4
168 4.333333333333333
169 2.6666666666666665
170 5.666666666666667
171 11.0
172 5.2
173 4.666666666666667
174 2.75
175 3.3333333333333335
176 3.0
177 7.0
178 3.5
179 4.0
180 5.0
181 3.5
182 2.0
183 3.5
184 3.3333333333333335
185 4.0
186 3.25
187 4.666666666666667
188 3.3333333333333335
189 3.6666666666666665
190 2.0
191 3.0
192 4.0
193 2.75
194 2.6666666666666665
195 3.6666666666666665
196 3.0
197 6.0
198 2.5
199 4.5
200 4.0
201 4.0
202 3.5
203 3.0
204 0
205 2.6666666666666665
206 3.0
207 9.0
208 4.0
209 3.5
210 2.0
211 2.0
212 3.6666666666666665
213 2.8
214 2.0
215 2.5
216 3.3333333333333335
217 2.0
218 2.0
219 2.0
220 2.5
221 3.0
222 4.25
223 3.0
224 2.5
225 2.0
226 3.0
227 2.0
228 2.0
229 2.0
230 2.0
231 2.5
232 2.0
233 2.0
234 5.0
235 2.0
236 2.5
237 3.75
238 3.0
239 2.0
240 3.0
241 2.0
242 2.0
243 3.0
244 2.0
245 2.0
246 2.0
247 2.75
248 5.333333333333333
249 3.0
250 4.0
251 2.5
252 5.0
253 4.0
254 4.0
255 3.0
256 2.3333333333333335
257 2.5
258 2.0
259 2.0
260 2.0
261 2.0
262 3.0
263 3.0
264 6.0
265 2.0
266 3.0
267 2.0
268 4.0
269 3.5
270 3.0
271 2.0
272 2.0
273 2.6666666666666665
274 2.0
275 2.75
276 4.0
277 4.333333333333333
278 2.5
279 3.0
280 3.0
281 3.0
282 3.6
283 4.5
284 4.0
285 4.5
286 2.3333333333333335
287 2.5
288 2.0
289 4.5
290 4.333333333333333
291 2.0
292 3.0
293 2.6666666666666665
294 3.0
295 3.0
296 4.0
297 3.75
298 2.5
299 2.0
300 2.6666666666666665
301 2.0
302 0
303 2.0
304 4.0
305 3.0
306 3.0
307 3.0
308 2.25
309 2.0
310 4.0
311 3.3333333333333335
312 4.333333333333333
313 3.3333333333333335
314 3.6666666666666665
315 4.0
316 2.3333333333333335
317 3.25
318 4.5
319 6.5
320 5.0
321 5.0
322 7.0
323 6.0
324 5.5
325 6.333333333333333
326 2.6666666666666665
327 2.3333333333333335
328 2.25
329 3.0
330 2.0
331 3.3333333333333335
332 3.5
333 4.4
334 3.0
335 4.0
336 3.5
337 0
338 4.333333333333333
339 3.3333333333333335
340 7.5
341 5.2
342 6.666666666666667
343 2.6
344 4.0
345 6.0
346 5.25
347 6.5
348 3.0
349 3.0
350 3.0
351 6.0
352 6.0
353 3.0
354 2.5
355 2.0
356 4.0
357 4.0
358 3.0
359 4.0
360 3.75
361 3.0
362 3.0
363 3.8
364 4.0
365 4.0
366 4.75
367 3.75
368 2.75
369 2.5
370 2.0
371 2.5
372 0
373 3.5
374 6.666666666666667
375 6.5
376 7.666666666666667
377 3.8
378 3.0
379 0
380 3.0
381 3.5
382 2.5
383 3.5
384 2.0
385 3.0
386 2.0
387 3.0
388 2.0
389 3.0
390 2.5
391 2.3333333333333335
392 2.0
393 2.0
394 3.0
395 3.0
396 3.0
397 2.0
398 3.0
399 2.0
400 3.0
401 3.6666666666666665
402 8.0
403 5.333333333333333
404 3.25
405 3.0
406 3.0
407 2.0
408 2.25
409 3.5
410 4.5
411 4.0
412 3.0
413 2.5
414 2.0
415 6.25
416 4.333333333333333
417 5.25
418 6.333333333333333
419 5.0
420 3.0
421 2.5
422 3.1666666666666665
423 3.25
424 2.5
425 3.6666666666666665
426 4.5
427 5.0
428 3.0
429 3.75
430 2.75
431 4.0
432 5.0
433 7.0
434 7.0
435 9.0
436 4.0
437 4.333333333333333
438 2.25
439 3.0
440 0
441 2.0
442 0
443 2.5
444 3.0
445 4.0
446 3.5
447 3.0
448 2.0
449 2.0
450 3.75
451 4.75
452 4.0
453 3.0
454 4.5
455 5.5
456 2.0
457 4.666666666666667
458 4.5
459 3.5
460 3.25
461 4.666666666666667
462 2.0
463 2.0
464 2.0
465 3.0
466 2.5
467 3.0
468 3.6666666666666665
469 2.6666666666666665
470 3.0
471 2.75
472 4.0
473 3.2
474 2.8
475 3.5
476 4.0
477 0
478 2.5
479 4.0
480 3.3333333333333335
481 2.75
482 5.0
483 2.0
484 2.0
485 4.5
486 5.0
487 14.0
488 4.666666666666667
489 4.75
490 4.5
491 4.0
492 3.75
493 2.3333333333333335
494 3.0
495 2.5
496 2.3333333333333335
497 3.3333333333333335
498 2.0
499 2.3333333333333335
500 2.3333333333333335
501 2.3333333333333335
502 3.0
503 3.0
504 7.0
505 3.0
506 3.3333333333333335
507 4.0
508 3.2
509 4.5
510 3.3333333333333335
511 3.0
512 2.0
513 7.0
514 8.0
515 2.75
516 2.0
517 2.6
518 4.0
519 2.0
520 7.0
521 3.6666666666666665
522 4.0
523 3.6
524 4.25
525 2.6666666666666665
526 3.0
527 7.0
528 5.6
529 3.3333333333333335
530 5.75
531 5.2
532 4.666666666666667
533 2.0
534 6.0
535 7.5
536 4.6
537 6.333333333333333
538 5.0
539 9.0
540 4.0
541 5.5
542 7.666666666666667
543 5.0
544 3.75
545 3.0
546 2.0
547 3.0
548 4.0
549 2.5
550 4.5
551 4.0
552 2.4
553 5.0
554 3.0
555 3.6666666666666665
556 2.5
557 2.0
558 7.0
559 4.0
560 5.0
561 0
562 5.0
563 3.0
564 0
565 3.0
566 2.0
567 2.6666666666666665
568 2.0
569 2.6666666666666665
570 3.0
571 3.0
572 2.5
573 4.0
574 2.5
575 0
576 4.0
577 2.5
578 3.6666666666666665
579 3.0
580 2.5
581 4.0
582 2.0
583 4.5
584 4.666666666666667
585 3.5
586 3.8
587 4.0
588 2.0
589 2.0
590 5.0
591 3.8
592 3.0
593 3.25
594 2.5
595 2.5
596 0
597 5.25
598 5.0
599 5.75
600 2.8
601 3.75
602 9.0
603 2.0
604 3.3333333333333335
605 3.6
606 2.3333333333333335
607 2.6666666666666665
608 3.25
609 2.0
610 3.0
611 6.25
612 3.8
613 3.75
614 3.3333333333333335
615 4.333333333333333
616 3.6666666666666665
617 2.6666666666666665
618 5.0
619 11.5
620 5.0
621 3.0
622 4.0
623 3.5
624 2.0
625 7.5
626 2.6666666666666665
627 3.0
628 3.0
629 4.0
630 2.0
631 2.0
632 5.333333333333333
633 8.0
634 4.666666666666667
635 5.6
636 3.4
637 2.3333333333333335
638 3.0
639 5.0
640 6.333333333333333
641 5.0
642 3.2
643 5.25
644 6.0
645 7.0
646 3.6666666666666665
647 3.5
648 4.5
649 2.6666666666666665
650 2.0
651 2.5
652 2.0
653 3.3333333333333335
654 3.3333333333333335
655 2.0
656 5.0
657 2.5
658 4.5
659 4.0
660 6.666666666666667
661 4.5
662 4.0
663 3.25
664 3.0
665 2.3333333333333335
666 3.0
667 3.0
668 4.0
669 0
670 2.0
671 3.0
672 3.0
673 3.0
674 4.75
675 4.5
676 2.0
677 4.0
678 2.5
679 3.0
680 2.6666666666666665
681 4.333333333333333
682 4.75
683 4.5
684 4.0
685 4.0
686 4.0
687 2.0
688 3.6666666666666665
689 4.75
690 4.333333333333333
691 3.6666666666666665
692 3.5
693 3.0
694 3.0
695 6.666666666666667
696 5.2
697 3.6666666666666665
698 3.8333333333333335
699 4.333333333333333
700 2.6666666666666665
701 2.5
702 16.0
703 4.0
704 6.0
705 4.0
706 3.0
707 2.0
708 4.0
709 4.0
710 3.2
711 3.3333333333333335
712 3.6666666666666665
713 2.6666666666666665
714 2.0
715 2.0
716 2.0
717 2.0
718 2.3333333333333335
719 2.5
720 2.0
721 3.0
722 3.0
723 3.25
724 3.0
725 4.0
726 2.5
727 2.0
728 4.0
729 2.0
730 6.0
731 3.5
732 3.3333333333333335
733 2.6666666666666665
734 3.3333333333333335
735 3.0
736 5.0
737 4.0
738 3.0
739 3.0
740 3.0
741 2.0
742 2.0
743 2.0
744 4.0
745 2.6666666666666665
746 4.2
747 2.3333333333333335
748 2.6666666666666665
749 2.5
750 4.0
751 5.0
752 5.5
753 4.666666666666667
754 3.0
755 3.5
756 2.0
757 3.0
758 0
759 4.5
760 4.0
761 2.0
762 4.5
763 2.5
764 4.0
765 2.5
766 3.3333333333333335
767 3.0
768 4.0
769 4.0
770 2.0
771 3.0
772 4.5
773 3.6666666666666665
774 4.0
775 3.25
776 3.0
777 4.0
778 4.5
779 4.0
780 3.0
781 2.6666666666666665
782 5.0
783 3.0
784 2.0
785 3.6666666666666665
786 4.0
787 3.75
788 3.6666666666666665
789 5.0
790 4.0
791 3.5
792 3.6666666666666665
793 3.4
794 3.0
795 4.666666666666667
796 4.5
797 5.333333333333333
798 7.5
799 4.0
800 6.5
801 3.6666666666666665
802 3.75
803 6.333333333333333
804 3.0
805 8.0
806 5.0
807 2.5
808 2.6666666666666665
809 4.0
810 2.5
811 2.3333333333333335
812 2.0
813 3.5
814 5.5
815 6.333333333333333
816 2.6
817 3.0
818 2.0
819 2.6666666666666665
820 3.0
821 2.5
822 3.0
823 2.0
824 6.0
825 5.0
826 3.5
827 6.0
828 3.25
829 3.75
830 7.5
831 5.0
832 5.0
833 3.6666666666666665
834 3.0
835 5.0
836 3.3333333333333335
837 6.0
838 4.4
839 6.333333333333333
840 4.0
841 5.5
842 8.333333333333334
843 5.0
844 3.0
845 5.5
846 3.5
847 4.5
848 3.6666666666666665
849 2.6666666666666665
850 2.5
851 2.5
852 2.0
853 2.0
854 3.0
855 5.0
856 2.3333333333333335
857 3.8
858 2.0
859 2.0
860 2.5
861 2.0
862 2.0
863 2.6666666666666665
864 6.0
865 6.5
866 4.0
867 3.0
868 6.0
869 5.0
870 2.0
871 3.0
872 0
873 2.0
874 2.3333333333333335
875 2.0
876 3.5
877 2.5
878 4.333333333333333
879 3.3333333333333335
880 3.0
881 2.0
882 2.0
883 3.0
884 3.3333333333333335
885 2.5
886 3.25
887 2.6666666666666665
888 3.0
889 2.5
890 6.0
891 5.75
892 5.6
893 4.4
894 2.5
895 2.5
896 2.3333333333333335
897 6.0
898 6.333333333333333
899 4.5
900 4.333333333333333
901 3.4
902 2.0
903 2.5
904 4.0
905 5.5
906 3.75
907 4.2
908 4.2
909 4.0
910 4.333333333333333
911 4.333333333333333
912 4.0
913 4.0
914 6.333333333333333
915 7.333333333333333
916 6.0
917 4.5
918 4.666666666666667
919 4.0
920 2.4
921 2.0
922 2.0
923 0
924 0
925 2.0
926 2.0
927 2.0
928 2.0
929 2.0
930 3.0
931 2.5
932 0
933 3.0
934 3.0
935 2.0
936 3.0
937 3.0
938 2.0
939 2.5
940 0
941 0
942 0
943 0
