0 0
1 0
2 0
3 0
4 1
5 1
6 2
7 1
8 1
9 1
10 3
11 3
12 2
13 1
14 3
15 0
16 1
17 3
18 1
19 2
20 2
21 3
22 1
23 3
24 3
25 2
26 1
27 3
28 3
29 3
30 2
31 4
32 2
33 3
34 4
35 3
36 2
37 2
38 4
39 3
40 4
41 4
42 2
43 2
44 4
45 2
46 3
47 6
48 4
49 2
50 1
51 3
52 3
53 4
54 2
55 2
56 3
57 3
58 3
59 4
60 2
61 5
62 3
63 4
64 2
65 2
66 3
67 2
68 3
69 4
70 2
71 2
72 0
73 2
74 2
75 1
76 2
77 0
78 1
79 1
80 3
81 4
82 6
83 3
84 3
85 3
86 3
87 1
88 4
89 2
90 4
91 3
92 2
93 2
94 3
95 3
96 3
97 4
98 3
99 1
100 2
101 3
102 2
103 2
104 1
105 2
106 2
107 2
108 3
109 3
110 5
111 3
112 2
113 3
114 4
115 4
116 4
117 4
118 3
119 3
120 1
121 2
122 3
123 1
124 4
125 4
126 4
127 2
128 2
129 2
130 3
131 3
132 1
133 2
134 1
135 3
136 4
137 4
138 4
139 5
140 2
141 2
142 3
143 3
144 2
145 4
146 3
147 2
148 1
149 4
150 4
151 2
152 3
153 4
154 2
155 1
156 3
157 3
158 5
159 5
160 3
161 3
162 1
163 4
164 5
165 2
166 4
167 5
168 3
169 3
170 3
171 1
172 5
173 3
174 4
175 3
176 1
177 1
178 4
179 3
180 2
181 4
182 2
183 2
184 3
185 5
186 4
187 3
188 3
189 3
190 1
191 3
192 3
193 4
194 3
195 3
196 2
197 1
198 2
199 4
200 2
201 3
202 4
203 1
204 0
205 3
206 4
207 1
208 1
209 4
210 3
211 1
212 3
213 5
214 1
215 2
216 3
217 1
218 1
219 2
220 2
221 3
222 4
223 3
224 2
225 2
226 1
227 3
228 1
229 1
230 1
231 2
232 1
233 1
234 1
235 2
236 2
237 4
238 4
239 2
240 1
241 3
242 3
243 1
244 3
245 3
246 1
247 4
248 3
249 1
250 1
251 2
252 1
253 1
254 3
255 3
256 3
257 2
258 2
259 2
260 1
261 3
262 2
263 1
264 1
265 1
266 2
267 1
268 2
269 2
270 3
271 2
272 2
273 3
274 2
275 4
276 1
277 3
278 2
279 3
280 4
281 1
282 5
283 4
284 5
285 4
286 3
287 4
288 1
289 2
290 3
291 1
292 3
293 3
294 2
295 1
296 1
297 4
298 2
299 2
300 3
301 1
302 0
303 1
304 2
305 3
306 4
307 3
308 4
309 2
310 2
311 3
312 3
313 3
314 3
315 3
316 3
317 4
318 4
319 2
320 3
321 4
322 1
323 2
324 4
325 3
326 3
327 3
328 4
329 1
330 1
331 3
332 2
333 5
334 3
335 3
336 4
337 0
338 3
339 3
340 2
341 5
342 3
343 5
344 1
345 3
346 4
347 2
348 2
349 2
350 3
351 1
352 3
353 4
354 4
355 1
356 3
357 3
358 1
359 4
360 4
361 2
362 2
363 5
364 2
365 1
366 4
367 4
368 4
369 2
370 4
371 2
372 0
373 4
374 3
375 4
376 3
377 5
378 3
379 0
380 2
381 4
382 4
383 2
384 2
385 1
386 1
387 2
388 2
389 3
390 2
391 3
392 5
393 1
394 1
395 1
396 1
397 2
398 2
399 3
400 1
401 3
402 2
403 3
404 4
405 6
406 2
407 1
408 4
409 2
410 2
411 2
412 4
413 2
414 2
415 4
416 3
417 4
418 3
419 3
420 1
421 2
422 6
423 4
424 2
425 3
426 2
427 1
428 1
429 4
430 4
431 2
432 2
433 2
434 2
435 1
436 3
437 3
438 4
439 1
440 0
441 1
442 0
443 2
444 3
445 1
446 2
447 3
448 2
449 2
450 4
451 4
452 4
453 4
454 4
455 2
456 1
457 3
458 2
459 4
460 4
461 3
462 1
463 1
464 3
465 1
466 2
467 1
468 3
469 3
470 1
471 4
472 4
473 5
474 5
475 2
476 2
477 0
478 4
479 2
480 3
481 4
482 1
483 2
484 1
485 2
486 3
487 1
488 3
489 4
490 2
491 1
492 4
493 3
494 3
495 2
496 3
497 3
498 2
499 3
500 3
501 3
502 4
503 4
504 1
505 1
506 3
507 4
508 5
509 4
510 3
511 3
512 1
513 3
514 2
515 4
516 3
517 5
518 3
519 1
520 3
521 3
522 4
523 5
524 4
525 3
526 1
527 5
528 5
529 3
530 4
531 5
532 3
533 1
534 3
535 2
536 5
537 3
538 4
539 1
540 2
541 2
542 3
543 3
544 4
545 4
546 1
547 2
548 2
549 4
550 2
551 2
552 5
553 1
554 2
555 3
556 4
557 2
558 1
559 4
560 2
561 0
562 4
563 2
564 0
565 3
566 2
567 3
568 3
569 3
570 3
571 1
572 2
573 5
574 2
575 0
576 4
577 2
578 3
579 3
580 2
581 1
582 1
583 2
584 3
585 4
586 5
587 3
588 2
589 2
590 2
591 5
592 3
593 4
594 4
595 2
596 0
597 4
598 4
599 4
600 5
601 4
602 1
603 1
604 6
605 5
606 3
607 3
608 4
609 1
610 1
611 4
612 5
613 4
614 3
615 6
616 3
617 3
618 5
619 2
620 5
621 4
622 3
623 2
624 1
625 2
626 3
627 3
628 4
629 3
630 1
631 2
632 3
633 2
634 3
635 5
636 5
637 3
638 2
639 3
640 3
641 4
642 5
643 4
644 3
645 2
646 6
647 2
648 2
649 3
650 1
651 2
652 2
653 3
654 3
655 1
656 3
657 2
658 2
659 1
660 3
661 4
662 2
663 4
664 3
665 3
666 1
667 2
668 2
669 0
670 1
671 1
672 1
673 1
674 4
675 4
676 2
677 3
678 2
679 1
680 3
681 3
682 4
683 2
684 3
685 3
686 1
687 1
688 3
689 4
690 3
691 3
692 4
693 1
694 2
695 3
696 5
697 3
698 6
699 3
700 3
701 4
702 1
703 2
704 4
705 5
706 3
707 2
708 3
709 5
710 5
711 3
712 3
713 3
714 1
715 2
716 3
717 1
718 3
719 2
720 1
721 1
722 2
723 4
724 3
725 4
726 2
727 1
728 1
729 2
730 1
731 2
732 3
733 3
734 3
735 1
736 1
737 1
738 3
739 2
740 3
741 2
742 2
743 1
744 3
745 3
746 5
747 3
748 3
749 2
750 2
751 4
752 2
753 3
754 4
755 2
756 4
757 3
758 0
759 2
760 3
761 4
762 2
763 2
764 3
765 4
766 3
767 4
768 4
769 2
770 1
771 2
772 2
773 3
774 2
775 4
776 6
777 2
778 2
779 3
780 3
781 3
782 1
783 2
784 2
785 3
786 3
787 4
788 3
789 3
790 2
791 2
792 3
793 5
794 5
795 3
796 4
797 3
798 2
799 3
800 4
801 3
802 4
803 3
804 4
805 1
806 3
807 2
808 3
809 2
810 2
811 3
812 2
813 2
814 2
815 3
816 5
817 4
818 2
819 3
820 1
821 2
822 2
823 2
824 1
825 2
826 2
827 2
828 4
829 4
830 2
831 2
832 3
833 3
834 3
835 5
836 3
837 4
838 5
839 3
840 3
841 4
842 3
843 5
844 5
845 2
846 4
847 2
848 3
849 3
850 2
851 2
852 2
853 2
854 1
855 1
856 3
857 5
858 3
859 3
860 2
861 1
862 1
863 3
864 1
865 2
866 1
867 1
868 1
869 3
870 3
871 2
872 0
873 2
874 3
875 2
876 2
877 2
878 3
879 3
880 1
881 1
882 1
883 1
884 3
885 2
886 4
887 3
888 1
889 2
890 2
891 4
892 5
893 5
894 4
895 4
896 3
897 2
898 3
899 4
900 3
901 5
902 2
903 2
904 2
905 2
906 4
907 5
908 5
909 4
910 3
911 3
912 4
913 2
914 3
915 3
916 3
917 2
918 3
919 4
920 5
921 2
922 1
923 0
924 0
925 1
926 1
927 1
928 2
929 4
930 1
931 2
932 0
933 3
934 1
935 1
936 1
937 1
938 1
939 2
940 0
941 0
942 0
943 0
