0 5.0
1 7.5
2 4.5
3 5.5
4 5.0
5 0
6 3.0
7 11.0
8 4.0
9 4.5
10 5.5
11 4.0
12 0
13 7.0
14 4.0
15 4.666666666666667
16 5.333333333333333
17 5.0
18 5.0
19 0
20 3.0
21 4.0
22 3.3333333333333335
23 5.0
24 5.0
25 5.0
26 0
27 5.0
28 6.0
29 8.0
30 4.6
31 8.75
32 5.0
33 0
34 5.666666666666667
35 7.0
36 5.0
37 8.333333333333334
38 6.75
39 4.0
40 3.0
41 5.0
42 6.5
43 6.666666666666667
44 6.5
45 5.666666666666667
46 4.75
47 0
48 8.0
49 5.666666666666667
50 6.25
51 5.5
52 5.0
53 4.8
54 4.0
55 8.0
56 6.4
57 6.0
58 6.666666666666667
59 5.25
60 5.666666666666667
61 3.0
62 5.666666666666667
63 5.8
64 5.666666666666667
65 6.333333333333333
66 7.5
67 4.333333333333333
68 5.0
69 7.0
70 6.25
71 7.0
72 6.0
73 6.75
74 4.0
75 0
76 6.666666666666667
77 5.5
78 5.333333333333333
79 6.5
80 5.5
81 5.666666666666667
82 0
83 6.5
84 5.2
85 5.0
86 7.0
87 5.666666666666667
88 4.5
89 3.0
90 3.75
91 5.75
92 8.0
93 6.333333333333333
94 5.75
95 5.666666666666667
96 0
97 5.0
98 7.333333333333333
99 7.333333333333333
100 6.0
101 6.0
102 4.5
103 5.0
104 6.0
105 6.2
106 6.0
107 6.666666666666667
108 5.75
109 4.666666666666667
110 4.0
111 4.666666666666667
112 7.0
113 5.0
114 5.666666666666667
115 4.25
116 5.333333333333333
117 0
118 6.666666666666667
119 5.666666666666667
120 3.8
121 5.666666666666667
122 5.2
123 5.5
124 5.0
125 4.2
126 8.0
127 5.333333333333333
128 8.25
129 6.25
130 6.25
131 0
132 5.0
133 8.0
134 7.666666666666667
135 5.75
136 5.0
137 6.333333333333333
138 0
139 13.0
140 5.0
141 7.2
142 4.75
143 6.5
144 3.75
145 0
146 4.0
147 4.833333333333333
148 6.0
149 6.0
150 6.6
151 4.666666666666667
152 0
153 6.5
154 5.2
155 9.0
156 6.0
157 8.333333333333334
158 5.5
159 3.0
160 8.333333333333334
161 6.75
162 5.5
163 6.0
164 5.75
165 4.0
166 3.0
167 6.0
168 7.25
169 6.0
170 6.25
171 5.0
172 5.0
173 0
174 6.0
175 4.166666666666667
176 5.0
177 5.25
178 6.0
179 4.666666666666667
180 0
181 7.0
182 5.5
183 5.4
184 8.0
185 5.0
186 4.5
187 3.0
188 12.0
189 6.0
190 5.5
191 6.666666666666667
192 6.25
193 5.0
194 0
195 5.333333333333333
196 6.666666666666667
197 5.5
198 6.75
199 5.0
200 5.333333333333333
201 0
202 4.5
203 5.25
204 6.666666666666667
205 6.0
206 7.333333333333333
207 6.0
208 4.0
209 5.666666666666667
210 4.4
211 7.0
212 6.0
213 4.666666666666667
214 4.666666666666667
215 0
216 5.5
217 6.0
218 6.333333333333333
219 4.6
220 6.25
221 4.75
222 0
223 6.0
224 5.666666666666667
225 6.5
226 5.25
227 5.8
228 4.5
229 0
230 6.0
231 7.0
232 4.6
233 5.0
234 6.0
235 4.5
236 3.0
237 5.0
238 5.75
239 5.25
240 9.0
241 6.0
242 4.666666666666667
243 5.0
244 4.6
245 6.666666666666667
246 6.0
247 7.5
248 7.0
249 6.0
250 0
251 5.333333333333333
252 7.5
253 6.25
254 6.25
255 8.0
256 7.0
257 4.0
258 5.0
259 4.75
260 6.8
261 6.333333333333333
262 6.25
263 3.6666666666666665
264 3.0
265 5.4
266 5.0
267 7.0
268 5.75
269 6.25
270 4.5
271 5.0
272 6.0
273 7.75
274 6.5
275 8.25
276 4.4
277 4.0
278 5.0
279 5.6
280 5.25
281 5.5
282 6.0
283 5.666666666666667
284 0
285 0
286 7.0
287 5.5
288 5.0
289 6.333333333333333
290 5.0
291 4.666666666666667
292 0
293 4.6
294 6.5
295 5.666666666666667
296 6.0
297 5.5
298 4.0
299 0
300 5.0
301 5.4
302 5.0
303 5.25
304 4.75
305 3.0
306 3.0
307 6.25
308 5.5
309 6.0
310 3.8
311 5.666666666666667
312 3.0
313 0
314 6.0
315 7.333333333333333
316 5.5
317 6.0
318 5.666666666666667
319 5.333333333333333
320 5.0
321 5.333333333333333
322 4.5
323 6.25
324 5.333333333333333
325 6.25
326 0
327 0
328 5.75
329 6.333333333333333
330 7.0
331 6.2
332 5.0
333 6.0
334 0
335 7.0
336 5.5
337 7.0
338 5.0
339 6.2
340 0
341 3.0
342 7.666666666666667
343 5.25
344 5.75
345 4.0
346 7.0
347 4.0
348 0
349 8.666666666666666
350 5.25
351 5.5
352 5.5
353 5.5
354 0
355 0
356 5.0
357 3.0
358 4.0
359 0
360 0
361 0
362 0
363 0
364 0
365 0
366 0
367 0
368 0
369 0
370 0
371 0
372 0
373 3.0
374 0
375 0
376 0
377 0
378 0
379 0
380 0
381 0
382 0
383 0
384 0
385 0
386 0
387 0
388 0
389 0
390 0
391 0
392 0
393 0
394 0
395 0
396 0
397 0
398 0
399 0
400 0
401 0
402 0
403 0
404 0
405 0
406 0
407 0
408 0
409 0
410 0
411 0
412 0
413 0
414 0
415 0
416 0
417 0
418 0
419 0
420 0
421 0
422 0
423 0
424 0
425 0
426 0
427 0
428 0
