0 0
1 0
2 0
3 1
4 1
5 0
6 0
7 1
8 0
9 1
10 1
11 1
12 0
13 1
14 2
15 2
16 1
17 2
18 1
19 1
20 1
21 1
22 2
23 2
24 2
25 1
26 0
27 1
28 1
29 1
30 4
31 4
32 2
33 0
34 2
35 2
36 3
37 6
38 4
39 3
40 0
41 2
42 4
43 4
44 3
45 3
46 1
47 0
48 2
49 6
50 3
51 3
52 4
53 1
54 1
55 1
56 3
57 4
58 1
59 2
60 1
61 0
62 2
63 5
64 2
65 1
66 3
67 4
68 3
69 1
70 4
71 3
72 4
73 6
74 1
75 1
76 2
77 3
78 4
79 3
80 1
81 3
82 1
83 2
84 5
85 2
86 2
87 2
88 2
89 1
90 3
91 4
92 2
93 2
94 1
95 2
96 4
97 2
98 4
99 3
100 2
101 5
102 2
103 0
104 2
105 5
106 2
107 2
108 2
109 1
110 0
111 3
112 3
113 4
114 5
115 2
116 3
117 1
118 2
119 2
120 4
121 3
122 3
123 1
124 1
125 2
126 2
127 3
128 5
129 3
130 2
131 1
132 2
133 4
134 3
135 2
136 3
137 3
138 2
139 1
140 3
141 3
142 3
143 2
144 1
145 0
146 2
147 3
148 2
149 2
150 4
151 4
152 1
153 4
154 4
155 2
156 7
157 8
158 4
159 3
160 2
161 4
162 2
163 6
164 1
165 1
166 0
167 1
168 4
169 2
170 2
171 5
172 1
173 2
174 1
175 3
176 6
177 3
178 5
179 1
180 2
181 2
182 3
183 4
184 1
185 3
186 3
187 5
188 3
189 4
190 4
191 2
192 2
193 2
194 0
195 2
196 5
197 3
198 3
199 2
200 1
201 3
202 2
203 4
204 4
205 3
206 5
207 1
208 4
209 2
210 3
211 3
212 3
213 2
214 1
215 1
216 2
217 3
218 4
219 2
220 5
221 1
222 1
223 1
224 3
225 1
226 3
227 4
228 2
229 2
230 2
231 2
232 4
233 1
234 2
235 1
236 2
237 3
238 3
239 3
240 3
241 3
242 1
243 2
244 2
245 2
246 2
247 2
248 3
249 1
250 2
251 3
252 3
253 2
254 5
255 5
256 2
257 0
258 3
259 2
260 2
261 3
262 2
263 0
264 0
265 4
266 4
267 2
268 3
269 2
270 0
271 0
272 3
273 5
274 3
275 2
276 4
277 0
278 2
279 3
280 4
281 1
282 6
283 3
284 1
285 2
286 3
287 6
288 2
289 4
290 4
291 0
292 4
293 2
294 3
295 3
296 4
297 3
298 2
299 1
300 2
301 3
302 3
303 5
304 6
305 0
306 0
307 3
308 2
309 5
310 1
311 1
312 0
313 3
314 3
315 4
316 4
317 2
318 3
319 0
320 3
321 2
322 1
323 2
324 2
325 3
326 1
327 3
328 3
329 4
330 4
331 3
332 1
333 1
334 1
335 3
336 2
337 3
338 4
339 2
340 0
341 0
342 2
343 5
344 1
345 4
346 4
347 0
348 1
349 2
350 4
351 3
352 2
353 2
354 0
355 4
356 2
357 2
358 4
359 2
360 4
361 0
362 2
363 2
364 2
365 3
366 3
367 1
368 0
369 3
370 3
371 2
372 3
373 4
374 1
375 0
376 0
377 0
378 0
379 1
380 0
381 0
382 0
383 0
384 1
385 0
386 0
387 0
388 0
389 1
390 0
391 0
392 0
393 1
394 1
395 0
396 0
397 0
398 0
399 1
400 0
401 0
402 0
403 0
404 0
405 0
406 0
407 0
408 0
409 1
410 0
411 0
412 0
413 0
414 1
415 0
416 0
417 0
418 0
419 0
420 0
421 0
422 0
423 0
424 0
425 0
426 0
427 0
428 0
