0 0
1 0
2 0
3 0
4 0
5 0
6 0
7 0
8 0
9 0
10 1
11 1
12 1
13 0
14 1
15 1
16 0
17 1
18 0
19 0
20 1
21 0
22 1
23 1
24 1
25 1
26 1
27 1
28 1
29 1
30 1
31 3
32 1
33 1
34 2
35 2
36 1
37 0
38 1
39 4
40 1
41 1
42 1
43 1
44 1
45 2
46 1
47 2
48 2
49 1
50 1
51 1
52 2
53 1
54 2
55 1
56 0
57 1
58 2
59 1
60 0
61 1
62 1
63 1
64 1
65 1
66 1
67 3
68 5
69 1
70 1
71 2
72 1
73 0
74 1
75 2
76 0
77 0
78 2
79 1
80 1
81 1
82 1
83 1
84 0
85 1
86 1
87 0
88 3
89 1
90 1
91 1
92 0
93 2
94 2
95 1
96 3
97 1
98 2
99 0
100 0
101 2
102 1
103 1
104 2
105 1
106 1
107 1
108 2
109 2
110 1
111 1
112 3
113 2
114 2
115 2
116 2
117 3
118 1
119 1
120 1
121 2
122 2
123 1
124 1
125 1
126 1
127 4
128 3
129 4
130 1
131 2
132 1
133 1
134 1
135 1
136 2
137 2
138 2
139 1
140 2
141 2
142 1
143 2
144 2
145 1
146 1
147 1
148 2
149 1
150 2
151 2
152 1
153 2
154 1
155 2
156 1
157 1
158 2
159 4
160 1
161 1
162 2
163 2
164 2
165 1
166 2
167 4
168 2
169 1
170 2
171 3
172 2
173 1
174 1
175 1
176 2
177 1
178 2
179 1
180 3
181 3
182 2
183 2
184 1
185 1
186 2
187 1
188 1
189 2
190 1
191 1
192 1
193 3
194 1
195 3
196 1
197 1
198 2
199 2
200 1
201 1
202 1
203 1
204 0
205 1
206 1
207 1
208 3
209 0
210 1
211 1
212 1
213 3
214 1
215 0
216 1
217 1
218 1
219 1
220 1
221 1
222 1
223 0
224 0
225 2
226 0
227 1
228 0
229 1
230 0
231 1
232 1
233 0
234 2
235 0
236 1
237 2
238 1
239 0
240 0
241 0
242 1
243 1
244 0
245 1
246 1
247 1
248 3
249 1
250 1
251 2
252 1
253 0
254 4
255 1
256 0
257 1
258 3
259 1
260 0
261 1
262 1
263 1
264 0
265 1
266 2
267 0
268 1
269 1
270 2
271 2
272 1
273 1
274 1
275 1
276 1
277 2
278 1
279 2
280 1
281 1
282 1
283 2
284 3
285 1
286 5
287 1
288 2
289 1
290 2
291 1
292 0
293 1
294 2
295 2
296 1
297 1
298 1
299 1
300 2
301 1
302 0
303 1
304 2
305 1
306 1
307 4
308 2
309 0
310 1
311 3
312 0
313 1
314 2
315 1
316 0
317 1
318 2
319 1
320 2
321 1
322 1
323 1
324 2
325 6
326 4
327 2
328 2
329 1
330 2
331 1
332 2
333 2
334 1
335 1
336 1
337 1
338 2
339 3
340 2
341 3
342 1
343 1
344 2
345 2
346 3
347 3
348 2
349 1
350 1
351 1
352 1
353 1
354 2
355 2
356 3
357 3
358 0
359 1
360 2
361 1
362 1
363 2
364 2
365 2
366 1
367 1
368 2
369 1
370 2
371 1
372 1
373 2
374 3
375 4
376 3
377 1
378 2
379 1
380 0
381 2
382 2
383 1
384 2
385 1
386 1
387 1
388 1
389 2
390 1
391 1
392 1
393 0
394 1
395 1
396 0
397 0
398 2
399 1
400 1
401 2
402 1
403 0
404 1
405 1
406 1
407 0
408 1
409 1
410 1
411 1
412 0
413 1
414 1
415 1
416 1
417 2
418 1
419 1
420 0
421 2
422 2
423 1
424 2
425 0
426 1
427 1
428 1
429 2
430 1
431 1
432 2
433 2
434 1
435 5
436 3
437 1
438 1
439 1
440 1
441 0
442 2
443 1
444 2
445 1
446 1
447 1
448 1
449 0
450 1
451 3
452 2
453 1
454 2
455 2
456 1
457 3
458 3
459 4
460 1
461 1
462 1
463 1
464 1
465 2
466 2
467 1
468 2
469 0
470 2
471 1
472 2
473 1
474 2
475 1
476 2
477 0
478 1
479 1
480 0
481 1
482 1
483 1
484 0
485 3
486 3
487 4
488 3
489 2
490 2
491 0
492 2
493 2
494 3
495 2
496 1
497 2
498 0
499 2
500 1
501 2
502 1
503 1
504 1
505 1
506 1
507 1
508 0
509 1
510 1
511 2
512 1
513 1
514 2
515 1
516 2
517 1
518 1
519 0
520 4
521 2
522 2
523 1
524 2
525 1
526 1
527 2
528 2
529 2
530 2
531 2
532 1
533 1
534 3
535 3
536 1
537 2
538 2
539 1
540 1
541 3
542 3
543 1
544 3
545 3
546 0
547 3
548 1
549 1
550 3
551 1
552 3
553 1
554 2
555 2
556 2
557 1
558 1
559 1
560 2
561 1
562 3
563 0
564 1
565 2
566 1
567 1
568 1
569 0
570 1
571 1
572 0
573 1
574 1
575 0
576 2
577 0
578 1
579 1
580 1
581 1
582 1
583 1
584 3
585 3
586 2
587 2
588 0
589 1
590 2
591 1
592 2
593 1
594 1
595 1
596 1
597 2
598 3
599 1
600 1
601 2
602 1
603 0
604 2
605 5
606 1
607 1
608 1
609 1
610 1
611 3
612 1
613 1
614 1
615 1
616 2
617 1
618 5
619 1
620 2
621 1
622 2
623 3
624 2
625 3
626 2
627 1
628 2
629 1
630 1
631 0
632 2
633 1
634 2
635 2
636 2
637 2
638 1
639 1
640 2
641 2
642 1
643 3
644 3
645 7
646 2
647 1
648 1
649 1
650 4
651 1
652 2
653 1
654 1
655 1
656 3
657 1
658 2
659 2
660 4
661 3
662 1
663 2
664 2
665 1
666 1
667 1
668 2
669 1
670 1
671 2
672 2
673 1
674 2
675 1
676 0
677 2
678 1
679 2
680 1
681 1
682 3
683 2
684 2
685 1
686 1
687 1
688 2
689 1
690 1
691 1
692 1
693 2
694 1
695 1
696 2
697 0
698 1
699 1
700 1
701 1
702 2
703 2
704 2
705 3
706 3
707 1
708 0
709 2
710 1
711 1
712 1
713 1
714 0
715 1
716 1
717 1
718 1
719 1
720 1
721 1
722 0
723 2
724 1
725 1
726 1
727 0
728 1
729 0
730 1
731 2
732 1
733 0
734 2
735 1
736 4
737 2
738 1
739 1
740 1
741 1
742 0
743 0
744 1
745 1
746 2
747 1
748 2
749 1
750 2
751 3
752 2
753 2
754 1
755 2
756 1
757 1
758 1
759 2
760 2
761 1
762 2
763 2
764 1
765 1
766 1
767 2
768 2
769 2
770 1
771 1
772 1
773 1
774 1
775 2
776 2
777 2
778 2
779 1
780 1
781 1
782 0
783 1
784 0
785 1
786 1
787 1
788 1
789 3
790 1
791 1
792 2
793 1
794 2
795 4
796 2
797 1
798 1
799 1
800 3
801 2
802 2
803 2
804 1
805 2
806 1
807 2
808 1
809 2
810 2
811 1
812 1
813 2
814 3
815 1
816 2
817 3
818 1
819 1
820 1
821 1
822 1
823 1
824 2
825 4
826 1
827 2
828 1
829 2
830 0
831 1
832 2
833 1
834 2
835 2
836 1
837 3
838 1
839 5
840 2
841 2
842 3
843 2
844 1
845 3
846 2
847 2
848 3
849 1
850 1
851 2
852 1
853 1
854 2
855 1
856 1
857 1
858 1
859 1
860 1
861 2
862 1
863 1
864 1
865 2
866 1
867 1
868 2
869 2
870 0
871 1
872 1
873 1
874 1
875 2
876 2
877 1
878 1
879 2
880 1
881 0
882 1
883 0
884 2
885 0
886 1
887 1
888 1
889 4
890 1
891 4
892 2
893 2
894 2
895 2
896 2
897 1
898 1
899 1
900 1
901 1
902 1
903 1
904 1
905 2
906 1
907 3
908 3
909 0
910 3
911 1
912 2
913 2
914 2
915 1
916 1
917 1
918 2
919 3
920 1
921 1
922 1
923 4
924 1
925 1
926 0
927 1
928 0
929 0
930 0
931 0
932 1
933 3
934 1
935 0
936 0
937 1
938 1
939 1
940 1
941 1
942 0
943 0
