0 0
1 0
2 0
3 0
4 0
5 0
6 0
7 0
8 0
9 0
10 1
11 1
12 1
13 0
14 2
15 2
16 0
17 2
18 0
19 0
20 2
21 0
22 1
23 1
24 2
25 1
26 1
27 3
28 1
29 3
30 1
31 2
32 4
33 2
34 2
35 2
36 3
37 0
38 3
39 2
40 3
41 3
42 2
43 3
44 3
45 3
46 3
47 3
48 2
49 1
50 2
51 3
52 2
53 2
54 1
55 1
56 0
57 2
58 2
59 3
60 0
61 4
62 2
63 4
64 3
65 1
66 3
67 2
68 1
69 1
70 1
71 2
72 2
73 0
74 3
75 1
76 0
77 0
78 1
79 1
80 2
81 1
82 1
83 1
84 0
85 2
86 1
87 0
88 4
89 4
90 3
91 2
92 0
93 2
94 2
95 3
96 2
97 3
98 1
99 0
100 0
101 2
102 2
103 2
104 2
105 2
106 1
107 1
108 3
109 2
110 2
111 2
112 2
113 3
114 4
115 3
116 3
117 2
118 1
119 3
120 3
121 2
122 2
123 1
124 3
125 1
126 3
127 1
128 1
129 1
130 2
131 1
132 1
133 2
134 1
135 3
136 1
137 2
138 3
139 3
140 2
141 1
142 3
143 3
144 2
145 1
146 3
147 2
148 2
149 2
150 2
151 2
152 2
153 3
154 1
155 1
156 1
157 3
158 2
159 4
160 1
161 2
162 1
163 3
164 4
165 2
166 2
167 2
168 4
169 1
170 4
171 2
172 4
173 2
174 3
175 3
176 1
177 2
178 2
179 3
180 1
181 2
182 2
183 2
184 1
185 1
186 1
187 3
188 3
189 2
190 3
191 3
192 1
193 2
194 1
195 1
196 1
197 1
198 2
199 2
200 3
201 3
202 3
203 1
204 0
205 4
206 3
207 1
208 1
209 0
210 2
211 1
212 2
213 2
214 1
215 0
216 1
217 2
218 1
219 1
220 1
221 2
222 2
223 0
224 0
225 1
226 0
227 3
228 0
229 1
230 0
231 4
232 1
233 0
234 1
235 0
236 1
237 3
238 2
239 0
240 0
241 0
242 1
243 1
244 0
245 1
246 1
247 2
248 2
249 2
250 1
251 2
252 1
253 0
254 1
255 3
256 0
257 2
258 1
259 1
260 0
261 1
262 1
263 1
264 0
265 2
266 2
267 0
268 4
269 1
270 2
271 1
272 2
273 3
274 1
275 2
276 2
277 2
278 1
279 1
280 3
281 1
282 1
283 3
284 2
285 2
286 2
287 1
288 2
289 3
290 3
291 2
292 0
293 1
294 2
295 2
296 1
297 2
298 1
299 2
300 2
301 1
302 0
303 1
304 1
305 1
306 1
307 1
308 1
309 0
310 3
311 2
312 0
313 2
314 3
315 2
316 0
317 3
318 2
319 4
320 2
321 3
322 3
323 2
324 3
325 2
326 2
327 1
328 2
329 1
330 1
331 2
332 1
333 2
334 2
335 4
336 1
337 1
338 4
339 2
340 3
341 2
342 3
343 2
344 2
345 4
346 3
347 1
348 4
349 2
350 1
351 1
352 3
353 4
354 1
355 2
356 2
357 2
358 0
359 4
360 3
361 1
362 2
363 2
364 1
365 1
366 4
367 1
368 2
369 3
370 3
371 3
372 1
373 2
374 2
375 2
376 2
377 3
378 2
379 1
380 0
381 2
382 3
383 1
384 2
385 2
386 1
387 2
388 1
389 2
390 3
391 2
392 2
393 0
394 3
395 1
396 0
397 0
398 2
399 1
400 1
401 1
402 2
403 0
404 3
405 3
406 3
407 0
408 1
409 1
410 2
411 2
412 0
413 3
414 3
415 4
416 1
417 4
418 1
419 3
420 0
421 2
422 3
423 3
424 4
425 0
426 3
427 2
428 1
429 3
430 3
431 1
432 2
433 1
434 2
435 1
436 2
437 1
438 2
439 3
440 1
441 0
442 2
443 1
444 2
445 1
446 2
447 1
448 1
449 0
450 3
451 2
452 2
453 4
454 3
455 4
456 2
457 2
458 2
459 2
460 2
461 3
462 1
463 2
464 3
465 1
466 2
467 1
468 2
469 0
470 1
471 2
472 2
473 2
474 3
475 2
476 2
477 0
478 2
479 1
480 0
481 3
482 1
483 4
484 0
485 2
486 2
487 2
488 1
489 3
490 2
491 0
492 3
493 3
494 3
495 2
496 2
497 1
498 0
499 2
500 3
501 2
502 3
503 1
504 2
505 1
506 1
507 3
508 0
509 3
510 1
511 2
512 1
513 3
514 2
515 2
516 2
517 3
518 4
519 0
520 2
521 2
522 3
523 3
524 2
525 2
526 2
527 4
528 2
529 3
530 2
531 4
532 3
533 3
534 4
535 2
536 4
537 4
538 4
539 1
540 1
541 3
542 3
543 1
544 2
545 1
546 0
547 2
548 1
549 2
550 1
551 2
552 2
553 3
554 2
555 3
556 2
557 2
558 3
559 3
560 2
561 1
562 4
563 0
564 1
565 2
566 1
567 1
568 3
569 0
570 2
571 2
572 0
573 3
574 2
575 0
576 3
577 0
578 3
579 1
580 2
581 2
582 1
583 1
584 2
585 2
586 2
587 2
588 0
589 3
590 2
591 3
592 1
593 2
594 4
595 2
596 1
597 3
598 1
599 3
600 2
601 2
602 3
603 0
604 4
605 2
606 3
607 2
608 3
609 2
610 1
611 2
612 2
613 1
614 3
615 3
616 2
617 2
618 2
619 2
620 2
621 4
622 2
623 2
624 1
625 2
626 2
627 1
628 3
629 3
630 1
631 0
632 3
633 3
634 1
635 3
636 4
637 2
638 1
639 3
640 3
641 3
642 4
643 4
644 2
645 2
646 4
647 3
648 2
649 3
650 2
651 2
652 1
653 2
654 2
655 1
656 2
657 1
658 3
659 1
660 2
661 2
662 1
663 2
664 2
665 3
666 1
667 3
668 2
669 1
670 1
671 1
672 1
673 1
674 3
675 2
676 0
677 1
678 1
679 2
680 1
681 2
682 1
683 1
684 3
685 3
686 1
687 1
688 2
689 3
690 2
691 2
692 3
693 2
694 2
695 3
696 2
697 0
698 4
699 4
700 3
701 5
702 2
703 2
704 3
705 1
706 2
707 1
708 0
709 4
710 4
711 2
712 3
713 1
714 0
715 1
716 3
717 2
718 1
719 3
720 1
721 2
722 0
723 2
724 1
725 2
726 1
727 0
728 1
729 0
730 1
731 2
732 2
733 0
734 2
735 2
736 2
737 1
738 1
739 1
740 2
741 2
742 0
743 0
744 3
745 3
746 2
747 2
748 2
749 2
750 2
751 4
752 1
753 3
754 3
755 1
756 2
757 2
758 1
759 2
760 1
761 1
762 2
763 2
764 1
765 3
766 1
767 4
768 3
769 2
770 2
771 1
772 3
773 3
774 2
775 1
776 3
777 2
778 3
779 2
780 3
781 2
782 0
783 1
784 0
785 2
786 3
787 2
788 2
789 2
790 2
791 3
792 2
793 3
794 3
795 2
796 2
797 1
798 3
799 2
800 3
801 4
802 4
803 2
804 1
805 1
806 4
807 3
808 3
809 3
810 1
811 3
812 2
813 2
814 2
815 1
816 2
817 2
818 1
819 1
820 2
821 1
822 1
823 1
824 1
825 2
826 3
827 2
828 2
829 3
830 0
831 3
832 2
833 4
834 2
835 4
836 4
837 3
838 3
839 1
840 2
841 5
842 3
843 3
844 3
845 1
846 2
847 1
848 2
849 3
850 3
851 1
852 1
853 1
854 1
855 2
856 1
857 2
858 2
859 1
860 2
861 2
862 1
863 2
864 1
865 2
866 2
867 1
868 2
869 2
870 0
871 2
872 1
873 1
874 3
875 1
876 1
877 1
878 1
879 1
880 1
881 0
882 2
883 0
884 1
885 0
886 1
887 1
888 1
889 1
890 1
891 1
892 2
893 2
894 2
895 2
896 3
897 4
898 3
899 2
900 2
901 1
902 2
903 3
904 2
905 3
906 2
907 3
908 2
909 0
910 2
911 3
912 4
913 2
914 3
915 3
916 3
917 3
918 3
919 3
920 3
921 1
922 3
923 1
924 1
925 1
926 0
927 2
928 0
929 0
930 0
931 0
932 2
933 2
934 2
935 0
936 0
937 1
938 2
939 1
940 2
941 1
942 0
943 0
