0 0
1 0
2 0
3 1
4 1
5 0
6 0
7 2
8 0
9 2
10 2
11 1
12 0
13 1
14 2
15 2
16 2
17 2
18 1
19 1
20 1
21 3
22 1
23 3
24 3
25 1
26 0
27 3
28 3
29 3
30 2
31 2
32 1
33 0
34 2
35 2
36 4
37 2
38 2
39 2
40 0
41 2
42 4
43 2
44 3
45 2
46 2
47 0
48 3
49 4
50 3
51 1
52 3
53 1
54 2
55 3
56 5
57 4
58 3
59 1
60 2
61 0
62 3
63 4
64 3
65 3
66 3
67 1
68 1
69 4
70 4
71 4
72 2
73 2
74 1
75 1
76 3
77 5
78 3
79 3
80 3
81 2
82 1
83 5
84 4
85 3
86 3
87 3
88 2
89 1
90 3
91 4
92 3
93 4
94 2
95 1
96 1
97 4
98 3
99 4
100 3
101 2
102 2
103 0
104 4
105 4
106 5
107 2
108 4
109 4
110 0
111 4
112 5
113 4
114 2
115 3
116 2
117 1
118 5
119 4
120 4
121 3
122 3
123 1
124 2
125 4
126 5
127 4
128 4
129 4
130 2
131 1
132 4
133 5
134 4
135 3
136 2
137 2
138 1
139 4
140 4
141 4
142 4
143 4
144 4
145 0
146 3
147 4
148 5
149 4
150 3
151 2
152 1
153 4
154 6
155 4
156 2
157 2
158 1
159 1
160 4
161 4
162 4
163 2
164 3
165 2
166 0
167 4
168 4
169 4
170 2
171 1
172 2
173 1
174 4
175 3
176 2
177 3
178 2
179 3
180 1
181 4
182 5
183 2
184 3
185 2
186 1
187 1
188 2
189 4
190 2
191 3
192 3
193 2
194 0
195 5
196 4
197 4
198 4
199 3
200 1
201 1
202 4
203 3
204 3
205 3
206 1
207 1
208 1
209 4
210 2
211 4
212 3
213 2
214 1
215 1
216 3
217 5
218 2
219 3
220 2
221 1
222 1
223 4
224 4
225 4
226 3
227 2
228 1
229 1
230 4
231 5
232 3
233 3
234 2
235 1
236 1
237 4
238 4
239 3
240 4
241 2
242 2
243 1
244 4
245 4
246 4
247 3
248 2
249 1
250 1
251 4
252 4
253 3
254 2
255 2
256 2
257 0
258 3
259 5
260 3
261 1
262 1
263 0
264 0
265 4
266 4
267 4
268 2
269 2
270 0
271 0
272 3
273 4
274 3
275 2
276 1
277 0
278 1
279 5
280 4
281 3
282 2
283 1
284 2
285 1
286 4
287 4
288 4
289 2
290 2
291 0
292 1
293 4
294 3
295 4
296 3
297 2
298 1
299 2
300 5
301 4
302 3
303 3
304 1
305 0
306 0
307 4
308 3
309 2
310 4
311 3
312 0
313 1
314 4
315 4
316 4
317 3
318 2
319 0
320 1
321 4
322 4
323 3
324 3
325 2
326 2
327 1
328 3
329 4
330 4
331 3
332 3
333 1
334 1
335 5
336 4
337 3
338 4
339 3
340 0
341 0
342 6
343 2
344 3
345 3
346 2
347 0
348 1
349 5
350 3
351 3
352 3
353 2
354 0
355 1
356 3
357 4
358 1
359 3
360 1
361 0
362 1
363 2
364 3
365 1
366 2
367 1
368 0
369 2
370 1
371 2
372 1
373 1
374 1
375 0
376 0
377 0
378 0
379 2
380 0
381 0
382 0
383 0
384 1
385 0
386 0
387 0
388 0
389 1
390 0
391 0
392 0
393 1
394 1
395 0
396 0
397 0
398 0
399 1
400 0
401 0
402 0
403 0
404 0
405 0
406 0
407 0
408 0
409 1
410 0
411 0
412 0
413 0
414 1
415 0
416 0
417 0
418 0
419 0
420 0
421 0
422 0
423 0
424 0
425 0
426 0
427 0
428 0
