5 29
6 19
12 5
14 30
26 2
44 9
47 20
51 10
52 18
53 17
54 7
55 10
56 6
57 8
59 14
60 10
61 16
64 11
66 9
67 13
76 26
78 9
79 2
80 11
82 11
83 18
84 22
85 11
86 7
87 14
88 7
89 18
91 13
92 13
93 9
94 13
97 5
98 12
101 18
102 12
104 13
108 12
117 2
118 3
119 2
121 11
123 15
125 12
127 10
129 10
131 15
132 11
133 14
134 10
135 5
136 14
139 11
140 15
141 3
142 8
145 2
150 10
151 3
152 3
170 2
173 17
174 2
178 12
183 14
187 2
195 19
203 15
204 11
210 9
213 11
229 12
263 5
269 2
274 11
275 7
277 8
280 10
285 13
289 8
294 2
304 10
306 9
308 12
309 8
313 9
314 10
319 18
320 15
325 6
326 12
330 13
337 2
342 2
343 6
348 3
350 5
351 2
352 2
381 10
387 2
396 2
398 4
410 7
411 2
422 7
423 9
431 5
440 2
444 11
449 10
452 9
460 4
463 11
466 3
483 8
496 2
503 7
514 3
519 2
525 6
527 8
529 9
539 11
540 13
546 2
584 7
601 2
604 3
626 4
630 2
664 2
669 2
747 2
769 3
788 4
852 2
970 3
993 3
1070 4
1189 4
1192 3
1208 3
1256 2
1398 2
1402 10
1509 19
1534 5
1535 3
1536 7
1537 13
1538 11
1551 2
1559 3
1567 2
1589 12
