24 114
22 123
23 124
18 100
43 162
44 143
53 135
41 142
49 130
45 168
42 149
47 120
61 120
48 148
54 146
57 149
46 149
66 131
58 127
60 139
26 127
25 117
35 166
30 147
27 135
28 134
31 159
32 144
33 148
55 116
64 143
77 137
68 139
56 112
50 138
63 139
70 125
62 114
88 100
76 109
78 120
72 142
82 98
75 126
81 110
74 140
79 82
20 94
17 108
34 139
39 154
38 152
36 157
67 126
96 81
87 94
89 80
83 101
84 117
86 109
80 105
97 75
90 79
105 89
104 100
102 81
85 100
92 89
103 88
99 85
113 82
137 71
123 72
112 86
116 80
126 102
124 71
115 89
117 83
111 87
129 90
131 106
108 75
13 82
37 181
59 127
73 112
71 131
100 82
91 88
94 88
106 82
95 86
65 138
118 64
110 73
130 81
125 85
128 82
127 79
119 70
143 96
147 99
154 85
140 85
135 87
152 97
181 96
168 100
174 92
161 107
172 95
171 89
158 122
167 105
159 111
173 110
150 87
151 104
165 105
187 91
170 121
166 109
186 83
179 104
156 101
218 65
193 87
207 76
177 106
189 88
190 99
195 72
204 84
197 87
191 82
205 73
199 94
122 75
153 108
148 110
162 91
121 98
98 76
109 69
114 76
178 90
157 91
149 88
201 79
183 68
180 86
184 103
196 76
185 88
138 81
202 62
176 88
163 87
226 44
210 56
222 50
211 65
208 81
221 50
214 55
219 60
200 65
206 78
223 55
209 74
198 83
203 81
175 90
228 29
225 50
212 78
215 58
136 83
139 71
188 76
169 92
107 74
101 76
69 138
120 88
144 86
192 67
182 105
194 71
249 7
242 15
227 43
239 16
244 15
231 36
240 17
235 25
238 19
217 63
216 59
164 85
160 115
229 36
213 64
230 30
220 55
224 51
155 108
134 106
93 69
132 87
146 99
233 33
236 20
232 33
243 9
272 1
254 4
280 2
259 6
271 2
265 1
283 1
264 3
268 2
281 2
258 2
262 5
250 7
273 1
145 74
133 75
8 87
237 21
6 53
51 127
253 3
256 4
248 4
234 25
142 84
141 81
247 8
246 11
241 17
5 52
263 1
252 4
52 114
9 97
40 147
245 10
257 4
251 4
261 2
12 101
16 89
255 1
260 2
7 74
10 116
19 111
14 82
21 113
29 137
3 40
2 32
4 47
11 90
15 110
1 14
