54 107
57 113
63 130
62 109
52 102
51 115
58 124
32 107
23 159
36 113
35 139
34 107
21 153
19 174
26 137
22 149
59 112
65 118
64 148
61 123
66 140
55 104
75 127
71 122
69 131
73 140
67 130
70 129
77 140
25 169
44 102
43 128
37 125
27 153
45 91
42 88
40 134
41 127
74 136
78 137
72 134
101 112
89 102
93 110
88 122
90 123
92 107
97 119
94 95
113 67
104 79
109 65
102 80
129 61
122 71
117 63
119 74
116 93
108 94
118 79
126 69
99 89
120 83
82 125
83 107
84 136
80 131
79 123
56 96
68 132
50 129
60 106
53 110
18 146
13 122
17 140
49 124
98 85
100 85
85 108
106 80
95 108
81 122
96 84
91 90
86 104
47 102
39 116
107 76
121 82
111 85
123 66
112 77
153 103
143 105
140 77
156 89
155 103
151 91
152 117
161 131
142 97
157 92
166 119
159 119
149 98
163 87
145 77
162 85
170 103
164 122
169 126
175 112
193 90
174 114
183 109
172 90
190 106
180 117
189 109
168 124
182 125
178 123
167 108
147 89
146 81
150 101
148 103
191 93
177 110
158 107
176 99
185 104
105 94
114 84
76 133
135 49
160 111
171 113
154 94
165 118
181 123
186 114
188 87
220 65
217 54
202 81
219 59
223 41
210 59
199 76
206 68
205 69
184 90
214 61
201 77
194 108
192 100
209 68
187 95
173 109
198 94
203 75
179 102
242 8
227 34
221 50
222 33
236 16
200 88
226 30
215 51
212 55
195 87
196 76
136 72
115 61
144 76
213 53
218 37
247 7
234 17
208 64
241 22
245 11
243 11
232 17
224 39
216 42
204 67
207 63
229 29
141 99
211 67
110 76
103 90
228 33
225 37
235 19
239 13
237 15
127 72
130 77
134 78
124 78
125 66
128 69
139 83
87 105
240 10
260 3
291 1
284 1
254 6
257 2
277 1
246 8
274 3
253 2
268 1
283 1
269 1
285 1
259 1
267 1
275 1
272 2
230 35
197 79
133 63
33 110
244 5
132 77
131 76
15 108
231 23
249 6
38 94
233 10
238 13
251 3
248 10
250 5
252 5
261 2
256 2
262 1
137 82
138 90
48 109
255 2
258 1
46 104
30 112
24 158
11 143
28 126
31 113
14 96
10 130
20 144
5 42
6 79
2 23
29 133
16 119
12 125
9 109
8 102
7 67
1 13
4 33
3 22
