0 7.5
1 17.0
2 20.5
3 18.0
4 13.666666666666666
5 0
6 10.666666666666666
7 18.666666666666668
8 10.333333333333334
9 21.333333333333332
10 21.0
11 7.0
12 0
13 13.0
14 18.666666666666668
15 30.333333333333332
16 21.666666666666668
17 25.666666666666668
18 15.666666666666666
19 1.5
20 8.0
21 22.666666666666668
22 22.666666666666668
23 26.0
24 23.0
25 12.0
26 2.0
27 26.0
28 31.333333333333332
29 39.0
30 62.0
31 64.66666666666667
32 27.0
33 1.5
34 41.333333333333336
35 57.0
36 67.33333333333333
37 65.33333333333333
38 58.666666666666664
39 36.0
40 2.0
41 22.333333333333332
42 72.66666666666667
43 63.0
44 54.666666666666664
45 66.0
46 35.0
47 2.0
48 37.666666666666664
49 66.33333333333333
50 74.0
51 63.666666666666664
52 65.66666666666667
53 44.666666666666664
54 7.666666666666667
55 36.333333333333336
56 85.0
57 70.66666666666667
58 74.33333333333333
59 58.0
60 32.666666666666664
61 3.5
62 40.666666666666664
63 61.666666666666664
64 48.0
65 63.0
66 61.333333333333336
67 37.333333333333336
68 10.0
69 37.666666666666664
70 68.0
71 66.0
72 57.333333333333336
73 61.0
74 35.0
75 4.0
76 45.0
77 65.0
78 72.66666666666667
79 81.0
80 62.666666666666664
81 38.666666666666664
82 9.0
83 45.333333333333336
84 75.0
85 77.33333333333333
86 71.66666666666667
87 64.33333333333333
88 33.333333333333336
89 8.666666666666666
90 47.666666666666664
91 78.33333333333333
92 69.0
93 62.666666666666664
94 56.666666666666664
95 29.666666666666668
96 17.0
97 43.0
98 68.33333333333333
99 82.33333333333333
100 81.66666666666667
101 67.33333333333333
102 40.0
103 2.5
104 46.0
105 79.66666666666667
106 78.0
107 65.33333333333333
108 64.0
109 48.0
110 8.0
111 56.0
112 95.0
113 73.33333333333333
114 68.33333333333333
115 65.33333333333333
116 44.333333333333336
117 7.0
118 50.0
119 67.33333333333333
120 72.66666666666667
121 65.33333333333333
122 69.33333333333333
123 32.0
124 7.0
125 39.0
126 69.66666666666667
127 91.0
128 74.33333333333333
129 62.666666666666664
130 40.666666666666664
131 8.0
132 42.333333333333336
133 73.66666666666667
134 83.66666666666667
135 68.0
136 61.333333333333336
137 39.333333333333336
138 11.0
139 44.0
140 64.0
141 89.33333333333333
142 75.66666666666667
143 81.66666666666667
144 39.666666666666664
145 1.5
146 48.666666666666664
147 70.33333333333333
148 73.0
149 72.66666666666667
150 90.33333333333333
151 45.0
152 6.0
153 63.666666666666664
154 89.33333333333333
155 80.33333333333333
156 64.33333333333333
157 66.33333333333333
158 35.333333333333336
159 14.333333333333334
160 53.666666666666664
161 74.66666666666667
162 68.0
163 69.0
164 57.333333333333336
165 26.666666666666668
166 4.5
167 48.666666666666664
168 76.66666666666667
169 73.66666666666667
170 74.66666666666667
171 51.0
172 34.333333333333336
173 7.0
174 41.333333333333336
175 55.333333333333336
176 59.666666666666664
177 59.666666666666664
178 53.666666666666664
179 27.666666666666668
180 10.0
181 44.0
182 77.66666666666667
183 66.0
184 63.0
185 58.333333333333336
186 26.0
187 18.5
188 42.0
189 76.0
190 60.333333333333336
191 61.666666666666664
192 69.33333333333333
193 20.333333333333332
194 3.6666666666666665
195 54.666666666666664
196 66.0
197 59.666666666666664
198 62.333333333333336
199 59.0
200 23.666666666666668
201 10.5
202 45.0
203 60.333333333333336
204 76.66666666666667
205 63.333333333333336
206 57.333333333333336
207 27.666666666666668
208 14.5
209 55.0
210 61.666666666666664
211 59.666666666666664
212 79.33333333333333
213 52.0
214 28.333333333333332
215 6.0
216 50.0
217 84.66666666666667
218 66.66666666666667
219 62.666666666666664
220 61.666666666666664
221 29.333333333333332
222 4.5
223 42.0
224 62.666666666666664
225 61.666666666666664
226 67.0
227 66.0
228 24.0
229 12.333333333333334
230 60.0
231 73.33333333333333
232 64.33333333333333
233 55.666666666666664
234 50.666666666666664
235 19.0
236 12.0
237 56.666666666666664
238 67.66666666666667
239 60.333333333333336
240 65.33333333333333
241 51.333333333333336
242 25.666666666666668
243 7.0
244 56.0
245 61.0
246 70.66666666666667
247 63.333333333333336
248 56.0
249 15.0
250 7.5
251 48.666666666666664
252 66.66666666666667
253 73.0
254 61.666666666666664
255 56.0
256 26.666666666666668
257 6.5
258 59.666666666666664
259 74.66666666666667
260 70.33333333333333
261 61.0
262 62.666666666666664
263 23.666666666666668
264 3.0
265 56.333333333333336
266 67.0
267 62.333333333333336
268 69.33333333333333
269 54.666666666666664
270 23.666666666666668
271 4.5
272 54.0
273 80.33333333333333
274 76.66666666666667
275 60.666666666666664
276 61.333333333333336
277 16.0
278 7.5
279 56.666666666666664
280 77.33333333333333
281 58.0
282 68.66666666666667
283 52.666666666666664
284 16.0
285 3.5
286 55.0
287 62.666666666666664
288 57.666666666666664
289 55.333333333333336
290 56.333333333333336
291 19.333333333333332
292 18.0
293 45.666666666666664
294 57.0
295 62.666666666666664
296 58.333333333333336
297 46.333333333333336
298 17.333333333333332
299 5.666666666666667
300 54.666666666666664
301 55.0
302 52.333333333333336
303 57.0
304 58.666666666666664
305 9.5
306 2.0
307 57.666666666666664
308 61.333333333333336
309 57.666666666666664
310 47.0
311 51.0
312 11.666666666666666
313 7.0
314 52.666666666666664
315 54.333333333333336
316 59.0
317 62.0
318 39.0
319 12.0
320 13.0
321 48.666666666666664
322 60.333333333333336
323 72.0
324 57.0
325 60.0
326 8.0
327 8.0
328 54.0
329 61.333333333333336
330 56.0
331 67.33333333333333
332 63.0
333 16.5
334 4.0
335 62.333333333333336
336 63.666666666666664
337 63.666666666666664
338 65.0
339 62.0
340 7.0
341 1.5
342 65.33333333333333
343 62.333333333333336
344 62.333333333333336
345 52.0
346 55.333333333333336
347 8.0
348 3.5
349 68.33333333333333
350 65.66666666666667
351 73.66666666666667
352 54.666666666666664
353 44.333333333333336
354 2.6666666666666665
355 8.0
356 38.666666666666664
357 37.0
358 24.666666666666668
359 9.666666666666666
360 10.333333333333334
361 0
362 6.5
363 13.0
364 18.333333333333332
365 11.0
366 15.5
367 7.0
368 0
369 11.0
370 9.666666666666666
371 14.0
372 16.0
373 27.0
374 7.0
375 2.0
376 1.0
377 3.5
378 7.333333333333333
379 4.666666666666667
380 10.0
381 0
382 2.0
383 0
384 4.666666666666667
385 6.5
386 0
387 0
388 0
389 2.0
390 4.0
391 2.0
392 3.0
393 8.0
394 3.5
395 3.5
396 0
397 0
398 0
399 4.666666666666667
400 4.0
401 3.5
402 2.0
403 0
404 1.5
405 0
406 1.5
407 1.5
408 0
409 2.5
410 0
411 0
412 0
413 3.0
414 2.5
415 3.0
416 0
417 0
418 0
419 1.0
420 1.0
421 0
422 0
423 0
424 1.0
425 0
426 1.0
427 3.0
428 0
