0 4.5
1 5.8
2 3.9444444444444446
3 3.7142857142857144
4 3.7857142857142856
5 0
6 4.25
7 4.466666666666667
8 3.142857142857143
9 5.75
10 4.761904761904762
11 3.8333333333333335
12 0
13 4.333333333333333
14 4.8
15 7.5625
16 4.894736842105263
17 5.909090909090909
18 2.6666666666666665
19 3.0
20 2.9166666666666665
21 4.095238095238095
22 4.5
23 4.041666666666667
24 3.0869565217391304
25 4.090909090909091
26 2.0
27 4.7894736842105265
28 6.25
29 6.961538461538462
30 8.296296296296296
31 9.466666666666667
32 4.636363636363637
33 3.0
34 5.541666666666667
35 8.423076923076923
36 8.441176470588236
37 7.064516129032258
38 7.962962962962963
39 6.190476190476191
40 1.3333333333333333
41 3.8421052631578947
42 10.310344827586206
43 8.862068965517242
44 8.03225806451613
45 10.285714285714286
46 4.478260869565218
47 4.0
48 5.181818181818182
49 7.766666666666667
50 10.11111111111111
51 8.464285714285714
52 8.129032258064516
53 5.321428571428571
54 4.6
55 5.190476190476191
56 9.823529411764707
57 9.558823529411764
58 8.970588235294118
59 8.037037037037036
60 5.0
61 1.75
62 6.136363636363637
63 9.185185185185185
64 7.434782608695652
65 9.11111111111111
66 8.290322580645162
67 5.0
68 4.0
69 5.608695652173913
70 7.870967741935484
71 11.2
72 6.793103448275862
73 8.321428571428571
74 4.653846153846154
75 2.6666666666666665
76 5.758620689655173
77 8.846153846153847
78 9.620689655172415
79 9.379310344827585
80 9.068965517241379
81 6.684210526315789
82 9.0
83 7.2272727272727275
84 8.741935483870968
85 9.46875
86 8.866666666666667
87 7.303030303030303
88 5.888888888888889
89 3.7142857142857144
90 5.2727272727272725
91 7.764705882352941
92 9.923076923076923
93 7.428571428571429
94 8.148148148148149
95 4.3
96 11.333333333333334
97 5.863636363636363
98 8.064516129032258
99 9.96875
100 9.290322580645162
101 6.7272727272727275
102 5.0
103 1.6666666666666667
104 5.172413793103448
105 9.515151515151516
106 7.612903225806452
107 9.068965517241379
108 7.8
109 5.846153846153846
110 4.0
111 7.076923076923077
112 9.058823529411764
113 7.787878787878788
114 9.5
115 7.387096774193548
116 6.045454545454546
117 4.666666666666667
118 5.407407407407407
119 6.068965517241379
120 7.8076923076923075
121 7.161290322580645
122 8.413793103448276
123 5.529411764705882
124 3.0
125 4.03125
126 8.115384615384615
127 7.848484848484849
128 8.242424242424242
129 6.0
130 4.444444444444445
131 8.0
132 5.043478260869565
133 7.25
134 9.34375
135 8.666666666666666
136 8.076923076923077
137 5.842105263157895
138 5.5
139 5.956521739130435
140 6.580645161290323
141 8.714285714285714
142 7.34375
143 8.357142857142858
144 3.962962962962963
145 1.5
146 5.913043478260869
147 7.6
148 8.678571428571429
149 6.333333333333333
150 9.290322580645162
151 6.55
152 4.0
153 7.607142857142857
154 9.617647058823529
155 10.75
156 9.916666666666666
157 9.08
158 4.55
159 5.375
160 6.896551724137931
161 8.875
162 9.451612903225806
163 8.515151515151516
164 9.08
165 5.0
166 4.5
167 8.55
168 8.083333333333334
169 8.228571428571428
170 11.275862068965518
171 5.896551724137931
172 5.0
173 2.8
174 5.75
175 7.5
176 7.758620689655173
177 7.571428571428571
178 6.258064516129032
179 3.619047619047619
180 5.0
181 6.541666666666667
182 8.818181818181818
183 8.90625
184 8.642857142857142
185 8.166666666666666
186 4.846153846153846
187 7.4
188 10.055555555555555
189 8.757575757575758
190 8.166666666666666
191 8.870967741935484
192 8.035714285714286
193 3.263157894736842
194 5.5
195 6.592592592592593
196 9.709677419354838
197 7.34375
198 8.0
199 7.296296296296297
200 4.647058823529412
201 4.2
202 6.826086956521739
203 7.46875
204 10.89655172413793
205 8.379310344827585
206 9.25
207 5.066666666666666
208 5.8
209 7.0
210 7.032258064516129
211 7.2
212 8.466666666666667
213 8.0
214 4.315789473684211
215 3.0
216 6.3076923076923075
217 11.642857142857142
218 7.375
219 7.09375
220 9.481481481481481
221 4.142857142857143
222 3.0
223 6.333333333333333
224 8.96551724137931
225 8.333333333333334
226 7.085714285714285
227 7.516129032258065
228 4.133333333333334
229 12.333333333333334
230 7.413793103448276
231 8.342857142857143
232 7.026315789473684
233 6.75
234 7.178571428571429
235 4.833333333333333
236 4.8
237 7.28
238 8.517241379310345
239 7.378378378378378
240 6.933333333333334
241 7.4
242 3.4444444444444446
243 3.5
244 7.275862068965517
245 8.758620689655173
246 9.793103448275861
247 8.1
248 7.518518518518518
249 4.555555555555555
250 5.0
251 6.6
252 8.290322580645162
253 8.275862068965518
254 8.25
255 8.291666666666666
256 5.636363636363637
257 4.333333333333333
258 9.11111111111111
259 8.433333333333334
260 9.241379310344827
261 8.884615384615385
262 9.25
263 6.2727272727272725
264 2.25
265 6.0344827586206895
266 6.96969696969697
267 8.642857142857142
268 9.206896551724139
269 9.518518518518519
270 6.0
271 3.0
272 7.892857142857143
273 10.193548387096774
274 8.06060606060606
275 7.78125
276 5.9393939393939394
277 5.0
278 3.0
279 7.071428571428571
280 10.827586206896552
281 8.6
282 8.214285714285714
283 7.086956521739131
284 3.909090909090909
285 3.5
286 6.814814814814815
287 7.424242424242424
288 7.333333333333333
289 7.242424242424242
290 9.391304347826088
291 3.076923076923077
292 9.0
293 6.84
294 7.0
295 7.65625
296 7.84375
297 6.64
298 3.1818181818181817
299 5.666666666666667
300 6.48
301 7.625
302 8.0
303 8.413793103448276
304 7.444444444444445
305 3.1666666666666665
306 2.0
307 6.838709677419355
308 8.851851851851851
309 7.92
310 6.074074074074074
311 8.333333333333334
312 3.375
313 3.5
314 7.0
315 8.033333333333333
316 7.205882352941177
317 5.472222222222222
318 6.115384615384615
319 3.75
320 6.5
321 6.708333333333333
322 8.344827586206897
323 9.0
324 8.434782608695652
325 9.458333333333334
326 3.8333333333333335
327 4.0
328 6.24
329 9.461538461538462
330 7.0
331 8.515151515151516
332 6.705882352941177
333 3.5714285714285716
334 8.0
335 8.714285714285714
336 8.030303030303031
337 9.777777777777779
338 7.758620689655173
339 7.516129032258065
340 3.5
341 1.0
342 8.366666666666667
343 9.777777777777779
344 9.035714285714286
345 6.5
346 8.583333333333334
347 3.2
348 1.75
349 8.96551724137931
350 7.878787878787879
351 7.888888888888889
352 11.666666666666666
353 7.84
354 2.0
355 8.0
356 4.461538461538462
357 5.722222222222222
358 4.5
359 2.909090909090909
360 2.3333333333333335
361 0
362 6.5
363 7.2
364 6.666666666666667
365 2.0
366 8.0
367 1.0
368 0
369 16.5
370 7.4
371 6.75
372 6.333333333333333
373 5.0
374 8.0
375 4.0
376 2.0
377 2.0
378 1.0
379 2.125
380 1.5
381 0
382 4.0
383 0
384 5.333333333333333
385 1.0
386 0
387 0
388 0
389 4.0
390 8.0
391 4.0
392 0
393 7.0
394 7.0
395 0
396 0
397 0
398 0
399 8.0
400 0
401 1.0
402 4.0
403 0
404 3.0
405 0
406 3.0
407 0
408 0
409 5.0
410 0
411 0
412 0
413 6.0
414 5.0
415 0
416 0
417 0
418 0
419 2.0
420 0
421 0
422 0
423 0
424 2.0
425 0
426 2.0
427 0
428 0
