0 0
1 5.0
2 4.333333333333333
3 8.0
4 6.0
5 0
6 0
7 3.6666666666666665
8 2.0
9 4.333333333333333
10 4.5
11 6.0
12 0
13 2.6666666666666665
14 5.0
15 4.5
16 5.5
17 5.0
18 2.3333333333333335
19 2.0
20 2.3333333333333335
21 3.8
22 2.5
23 3.75
24 2.8333333333333335
25 2.5
26 0
27 4.75
28 2.6
29 4.0
30 4.076923076923077
31 4.181818181818182
32 5.0
33 0
34 3.0
35 5.714285714285714
36 5.181818181818182
37 3.2857142857142856
38 3.7
39 4.2
40 0
41 4.0
42 4.5
43 3.888888888888889
44 3.875
45 4.9
46 2.6
47 0
48 4.833333333333333
49 4.666666666666667
50 4.611111111111111
51 4.0
52 4.3076923076923075
53 3.7777777777777777
54 7.0
55 3.4
56 4.35
57 4.333333333333333
58 3.6875
59 5.142857142857143
60 5.0
61 2.0
62 4.2
63 4.230769230769231
64 3.2222222222222223
65 4.0
66 5.3
67 4.125
68 3.0
69 4.714285714285714
70 3.533333333333333
71 4.538461538461538
72 4.666666666666667
73 4.2727272727272725
74 3.7142857142857144
75 4.0
76 3.875
77 3.75
78 5.5
79 3.923076923076923
80 4.818181818181818
81 4.125
82 3.0
83 3.6363636363636362
84 4.363636363636363
85 4.5
86 4.533333333333333
87 4.9
88 3.25
89 3.0
90 3.3
91 3.8666666666666667
92 5.0
93 3.4444444444444446
94 3.5384615384615383
95 3.0
96 4.333333333333333
97 6.8
98 5.777777777777778
99 3.857142857142857
100 4.2
101 3.5384615384615383
102 4.857142857142857
103 0
104 4.111111111111111
105 4.5
106 4.0625
107 4.090909090909091
108 5.2
109 3.8
110 0
111 3.7777777777777777
112 4.176470588235294
113 4.466666666666667
114 3.7
115 3.9166666666666665
116 4.142857142857143
117 4.0
118 3.6666666666666665
119 4.0
120 3.8461538461538463
121 4.363636363636363
122 4.571428571428571
123 2.8
124 4.0
125 4.142857142857143
126 4.1
127 4.25
128 3.8125
129 3.8461538461538463
130 4.555555555555555
131 3.0
132 3.5
133 3.875
134 4.133333333333334
135 3.3333333333333335
136 6.142857142857143
137 5.0
138 3.5
139 4.833333333333333
140 3.25
141 4.0625
142 3.4285714285714284
143 3.5625
144 3.142857142857143
145 0
146 4.25
147 4.25
148 3.923076923076923
149 4.928571428571429
150 4.2727272727272725
151 3.1818181818181817
152 5.0
153 4.5
154 3.6842105263157894
155 5.285714285714286
156 6.25
157 5.333333333333333
158 5.4
159 4.5
160 4.666666666666667
161 4.733333333333333
162 4.066666666666666
163 4.363636363636363
164 4.4
165 4.5
166 0
167 4.428571428571429
168 5.461538461538462
169 4.866666666666666
170 3.769230769230769
171 3.5555555555555554
172 3.142857142857143
173 2.5
174 4.5
175 4.8
176 4.5
177 3.4545454545454546
178 3.5
179 4.2
180 4.5
181 3.9
182 5.0
183 5.153846153846154
184 3.7857142857142856
185 4.214285714285714
186 2.3333333333333335
187 5.0
188 5.833333333333333
189 4.461538461538462
190 4.25
191 3.8461538461538463
192 5.75
193 3.8
194 6.0
195 4.2
196 3.5714285714285716
197 4.181818181818182
198 4.3125
199 4.2
200 3.3333333333333335
201 3.0
202 4.285714285714286
203 3.933333333333333
204 4.266666666666667
205 3.642857142857143
206 4.888888888888889
207 2.6666666666666665
208 5.0
209 4.454545454545454
210 5.222222222222222
211 3.7333333333333334
212 3.6666666666666665
213 3.888888888888889
214 3.2
215 3.0
216 4.545454545454546
217 5.0
218 3.6923076923076925
219 4.133333333333334
220 4.181818181818182
221 3.3333333333333335
222 4.0
223 4.166666666666667
224 3.923076923076923
225 4.3076923076923075
226 4.3076923076923075
227 4.357142857142857
228 3.0
229 4.0
230 4.0
231 4.357142857142857
232 3.8823529411764706
233 4.2727272727272725
234 4.0
235 4.0
236 5.0
237 3.3846153846153846
238 5.083333333333333
239 3.642857142857143
240 3.5714285714285716
241 4.222222222222222
242 4.0
243 3.0
244 4.0
245 3.5833333333333335
246 4.4
247 4.3
248 4.777777777777778
249 4.333333333333333
250 4.0
251 3.6666666666666665
252 4.7
253 3.933333333333333
254 3.4615384615384617
255 4.2
256 4.75
257 0
258 4.444444444444445
259 4.769230769230769
260 3.923076923076923
261 4.363636363636363
262 4.222222222222222
263 3.5
264 5.0
265 3.727272727272727
266 4.066666666666666
267 4.0
268 4.538461538461538
269 5.571428571428571
270 3.5
271 0
272 5.833333333333333
273 4.3076923076923075
274 3.6875
275 3.857142857142857
276 4.333333333333333
277 4.333333333333333
278 5.0
279 3.5
280 4.785714285714286
281 3.8181818181818183
282 4.75
283 3.727272727272727
284 6.5
285 3.0
286 3.1666666666666665
287 3.5555555555555554
288 3.7142857142857144
289 4.625
290 4.0
291 3.0
292 8.0
293 4.9
294 3.6666666666666665
295 3.6
296 4.230769230769231
297 3.272727272727273
298 2.75
299 5.5
300 3.5
301 5.0
302 4.25
303 3.3846153846153846
304 4.0
305 2.0
306 0
307 3.5
308 4.166666666666667
309 4.9
310 3.6363636363636362
311 5.142857142857143
312 0
313 5.0
314 4.0
315 3.75
316 3.6875
317 3.5384615384615383
318 3.3636363636363638
319 4.0
320 5.0
321 5.125
322 4.8
323 4.2631578947368425
324 4.7
325 4.444444444444445
326 7.0
327 4.0
328 3.090909090909091
329 4.153846153846154
330 3.75
331 4.75
332 3.5833333333333335
333 4.0
334 7.0
335 4.2727272727272725
336 3.769230769230769
337 3.4285714285714284
338 4.166666666666667
339 3.9375
340 0
341 0
342 4.461538461538462
343 3.75
344 4.555555555555555
345 4.083333333333333
346 4.5
347 0
348 3.0
349 5.0
350 3.2857142857142856
351 3.7
352 4.444444444444445
353 4.5
354 0
355 4.0
356 3.2857142857142856
357 4.375
358 3.75
359 3.0
360 3.3333333333333335
361 0
362 4.0
363 5.666666666666667
364 4.0
365 3.0
366 3.0
367 2.0
368 0
369 4.5
370 3.5
371 3.3333333333333335
372 4.5
373 3.5
374 4.0
375 0
376 2.0
377 0
378 0
379 2.0
380 0
381 0
382 0
383 0
384 3.0
385 0
386 0
387 0
388 0
389 3.0
390 0
391 0
392 0
393 2.0
394 6.0
395 0
396 0
397 0
398 0
399 3.5
400 0
401 0
402 0
403 0
404 0
405 0
406 0
407 0
408 0
409 3.0
410 0
411 0
412 0
413 0
414 4.0
415 0
416 0
417 0
418 0
419 0
420 0
421 0
422 0
423 0
424 0
425 0
426 0
427 0
428 0
