0 0
1 1
2 3
3 1
4 3
5 0
6 0
7 3
8 3
9 3
10 6
11 1
12 0
13 3
14 3
15 4
16 2
17 4
18 3
19 1
20 3
21 5
22 6
23 8
24 12
25 2
26 0
27 4
28 5
29 7
30 13
31 11
32 5
33 0
34 8
35 7
36 11
37 14
38 10
39 10
40 0
41 4
42 12
43 9
44 16
45 10
46 5
47 0
48 6
49 12
50 18
51 10
52 13
53 9
54 2
55 5
56 20
57 15
58 16
59 7
60 6
61 1
62 5
63 13
64 9
65 12
66 10
67 8
68 2
69 7
70 15
71 13
72 9
73 11
74 7
75 1
76 8
77 12
78 10
79 13
80 11
81 8
82 1
83 11
84 11
85 10
86 15
87 10
88 4
89 4
90 10
91 15
92 11
93 9
94 13
95 4
96 3
97 5
98 9
99 14
100 10
101 13
102 7
103 0
104 9
105 14
106 16
107 11
108 10
109 10
110 0
111 9
112 17
113 15
114 10
115 12
116 7
117 1
118 15
119 13
120 13
121 11
122 14
123 5
124 2
125 7
126 10
127 16
128 16
129 13
130 9
131 1
132 10
133 16
134 15
135 12
136 7
137 4
138 2
139 6
140 12
141 16
142 14
143 16
144 7
145 0
146 8
147 12
148 13
149 14
150 11
151 11
152 1
153 12
154 19
155 14
156 8
157 9
158 5
159 4
160 9
161 15
162 15
163 11
164 10
165 4
166 0
167 7
168 13
169 15
170 13
171 9
172 7
173 2
174 6
175 10
176 14
177 11
178 10
179 5
180 2
181 10
182 15
183 13
184 14
185 14
186 3
187 2
188 6
189 13
190 12
191 13
192 8
193 5
194 1
195 10
196 14
197 11
198 16
199 10
200 3
201 2
202 7
203 15
204 15
205 14
206 9
207 3
208 2
209 11
210 9
211 15
212 12
213 9
214 5
215 1
216 11
217 11
218 13
219 15
220 11
221 6
222 1
223 6
224 13
225 13
226 13
227 14
228 5
229 3
230 14
231 14
232 17
233 11
234 9
235 2
236 1
237 13
238 12
239 14
240 14
241 9
242 5
243 1
244 10
245 12
246 10
247 10
248 9
249 3
250 1
251 9
252 10
253 15
254 13
255 10
256 4
257 0
258 9
259 13
260 13
261 11
262 9
263 2
264 1
265 11
266 15
267 12
268 13
269 7
270 2
271 0
272 6
273 13
274 16
275 14
276 9
277 3
278 1
279 14
280 14
281 11
282 12
283 11
284 2
285 1
286 12
287 18
288 14
289 16
290 7
291 2
292 1
293 10
294 9
295 15
296 13
297 11
298 4
299 2
300 10
301 12
302 8
303 13
304 8
305 1
306 0
307 14
308 12
309 10
310 11
311 7
312 0
313 1
314 10
315 12
316 16
317 13
318 11
319 1
320 1
321 8
322 10
323 19
324 10
325 9
326 2
327 1
328 11
329 13
330 12
331 12
332 12
333 1
334 1
335 11
336 13
337 14
338 12
339 16
340 0
341 0
342 13
343 12
344 9
345 12
346 10
347 0
348 1
349 11
350 14
351 20
352 9
353 6
354 0
355 2
356 7
357 8
358 4
359 5
360 3
361 0
362 1
363 3
364 4
365 2
366 3
367 1
368 0
369 4
370 2
371 3
372 2
373 2
374 1
375 0
376 1
377 0
378 0
379 4
380 0
381 0
382 0
383 0
384 1
385 0
386 0
387 0
388 0
389 1
390 0
391 0
392 0
393 1
394 1
395 0
396 0
397 0
398 0
399 2
400 0
401 0
402 0
403 0
404 0
405 0
406 0
407 0
408 0
409 1
410 0
411 0
412 0
413 0
414 1
415 0
416 0
417 0
418 0
419 0
420 0
421 0
422 0
423 0
424 0
425 0
426 0
427 0
428 0
