0 12
1 29
2 28
3 25
4 26
5 0
6 22
7 37
8 28
9 35
10 33
11 19
12 0
13 30
14 31
15 34
16 33
17 36
18 31
19 3
20 24
21 34
22 34
23 37
24 31
25 29
26 4
27 32
28 38
29 39
30 44
31 42
32 38
33 3
34 41
35 42
36 43
37 43
38 39
39 37
40 3
41 37
42 43
43 48
44 44
45 46
46 39
47 4
48 39
49 44
50 46
51 49
52 42
53 41
54 15
55 38
56 45
57 46
58 45
59 40
60 36
61 6
62 38
63 46
64 43
65 46
66 46
67 39
68 12
69 41
70 43
71 47
72 43
73 45
74 36
75 6
76 37
77 47
78 43
79 40
80 45
81 39
82 12
83 42
84 45
85 44
86 44
87 46
88 39
89 16
90 40
91 44
92 44
93 41
94 49
95 38
96 15
97 39
98 48
99 45
100 47
101 42
102 38
103 5
104 41
105 47
106 42
107 41
108 43
109 36
110 12
111 39
112 44
113 48
114 44
115 42
116 41
117 9
118 41
119 40
120 42
121 48
122 44
123 37
124 16
125 39
126 44
127 45
128 49
129 42
130 38
131 12
132 41
133 47
134 45
135 46
136 41
137 38
138 13
139 43
140 44
141 47
142 42
143 45
144 37
145 3
146 42
147 43
148 45
149 45
150 47
151 38
152 9
153 46
154 45
155 46
156 42
157 41
158 37
159 19
160 39
161 46
162 44
163 44
164 44
165 33
166 6
167 43
168 44
169 45
170 44
171 43
172 38
173 10
174 45
175 40
176 44
177 45
178 43
179 34
180 11
181 41
182 44
183 48
184 46
185 42
186 32
187 16
188 44
189 44
190 46
191 41
192 47
193 33
194 9
195 45
196 44
197 47
198 47
199 44
200 35
201 13
202 43
203 44
204 45
205 41
206 44
207 38
208 11
209 43
210 42
211 45
212 43
213 42
214 36
215 8
216 42
217 45
218 42
219 45
220 43
221 33
222 6
223 40
224 45
225 42
226 42
227 43
228 34
229 19
230 44
231 46
232 44
233 45
234 44
235 30
236 13
237 41
238 45
239 45
240 45
241 44
242 33
243 9
244 44
245 45
246 43
247 43
248 44
249 24
250 10
251 42
252 42
253 45
254 43
255 41
256 29
257 10
258 41
259 45
260 45
261 41
262 49
263 35
264 8
265 44
266 44
267 46
268 41
269 41
270 29
271 6
272 42
273 44
274 44
275 41
276 46
277 30
278 11
279 42
280 44
281 43
282 44
283 42
284 26
285 5
286 42
287 41
288 46
289 43
290 46
291 33
292 16
293 43
294 41
295 44
296 48
297 43
298 28
299 13
300 43
301 44
302 42
303 42
304 42
305 22
306 4
307 46
308 43
309 44
310 42
311 41
312 22
313 8
314 43
315 43
316 39
317 42
318 42
319 23
320 15
321 42
322 43
323 45
324 44
325 43
326 16
327 9
328 42
329 41
330 44
331 47
332 44
333 21
334 6
335 40
336 45
337 45
338 41
339 43
340 12
341 3
342 47
343 45
344 44
345 41
346 46
347 14
348 5
349 43
350 42
351 46
352 44
353 43
354 9
355 9
356 42
357 34
358 26
359 21
360 17
361 0
362 7
363 23
364 25
365 16
366 15
367 7
368 0
369 16
370 19
371 17
372 16
373 16
374 17
375 3
376 1
377 7
378 16
379 8
380 10
381 0
382 3
383 0
384 11
385 9
386 0
387 0
388 0
389 4
390 6
391 5
392 7
393 7
394 7
395 6
396 0
397 0
398 0
399 13
400 5
401 4
402 3
403 0
404 3
405 0
406 4
407 3
408 0
409 7
410 0
411 0
412 0
413 5
414 7
415 7
416 0
417 0
418 0
419 3
420 2
421 0
422 0
423 0
424 2
425 0
426 2
427 5
428 0
