16391 0
16393 0
16394 1
16395 1
32781 1
16399 0
32796 1
28 1
32797 1
32800 0
32809 2
32810 2
32825 1
60 0
32828 0
32835 1
32837 1
32838 0
32840 0
16468 2
16469 1
32861 2
32864 0
32883 1
32886 0
16513 2
16520 1
146 2
32945 2
32947 1
32948 0
181 0
16565 0
32950 0
32967 1
32970 0
16591 0
33009 3
33012 0
33015 1
33017 1
250 1
33019 2
33018 0
33020 0
33022 0
33027 1
33030 0
33045 1
33048 0
288 0
16673 1
16675 1
33063 1
33066 0
16696 1
33083 2
33086 0
16737 0
379 1
33163 1
33166 0
414 0
33191 1
33194 0
16826 1
33225 1
33228 0
33243 1
33244 1
16861 0
33257 1
33260 0
33279 1
33282 0
33295 2
33298 0
33311 1
33313 1
33314 1
33316 0
33351 1
594 2
33365 1
33368 0
605 1
16993 1
16994 1
17010 1
630 0
641 0
33487 1
33490 0
33502 0
33511 1
33514 0
33546 2
33559 0
33563 1
33566 0
33587 1
33590 0
823 1
830 1
831 1
856 1
33631 0
864 1
865 1
869 1
870 1
872 1
873 1
33643 1
877 1
878 1
33646 0
899 1
901 1
33669 1
33672 0
908 1
911 1
912 1
913 1
916 1
917 1
17300 1
919 1
920 1
33687 0
922 1
924 1
925 1
926 1
33695 0
944 0
946 0
953 0
956 1
957 0
958 0
17343 1
961 0
962 0
964 0
965 0
967 0
969 0
970 1
17354 2
971 0
33741 1
33744 0
33749 0
33754 1
33761 1
33764 0
997 0
1011 0
17400 1
33785 2
33788 0
17406 0
33791 1
33794 0
33797 1
33800 0
17418 2
17422 2
33814 2
1052 1
1053 1
1055 1
1060 1
1065 1
1075 1
17461 0
17462 0
1086 1
1089 1
1092 1
1093 1
1094 1
1095 1
1097 1
1098 1
1100 1
33869 1
1102 1
1103 1
1104 1
1105 1
1106 1
1107 1
33871 1
1109 1
1110 1
1111 1
33872 0
33881 1
33874 0
33883 1
33884 0
33886 0
1121 0
1124 1
1127 1
1131 0
33901 1
1135 1
33904 0
1138 1
1139 0
1140 1
1141 1
1143 1
1144 1
1146 1
1147 1
1148 1
1149 1
1150 1
17534 2
33917 1
1151 0
1152 0
1155 1
1156 1
1157 1
1153 0
33920 0
33927 0
33931 1
33934 0
1169 0
1172 1
17558 0
1181 0
1184 0
1185 1
1187 1
1189 0
1190 1
1191 1
1192 1
1193 0
1194 1
1195 1
1196 1
17578 2
17579 2
33965 1
33968 0
1201 0
1202 0
1203 1
1213 0
33995 1
1227 0
17613 2
33997 1
1229 0
1232 1
1233 1
33998 0
1234 0
34000 0
1236 0
1238 1
1237 0
34009 1
34012 0
1245 0
17642 2
17644 0
17648 0
1272 0
1273 0
17656 0
1278 0
34106 2
1344 1
17730 0
1351 1
34126 2
1358 1
1359 1
1360 1
1361 1
1362 1
1364 1
1366 1
1367 1
34136 3
1368 1
1369 1
1370 1
1371 1
1373 1
1374 1
34143 1
1375 1
34144 2
1376 1
1377 1
1372 1
34146 0
34160 1
1393 1
1394 1
34165 1
1398 1
34166 1
34168 1
1402 1
34170 1
1409 1
1410 1
1411 1
1412 1
1413 1
34180 2
1415 1
1417 1
1418 1
1419 0
1420 1
1421 1
34190 1
1423 1
1424 1
34192 1
1426 1
1427 1
1428 1
34196 1
1422 0
1425 0
34204 1
1442 1
1443 1
1445 1
1447 1
34215 1
34216 1
1450 1
34218 2
1453 1
1456 1
1457 1
1458 0
1459 1
1460 1
1461 1
1462 1
34230 2
34232 3
1464 1
34234 1
1465 1
1467 1
1468 1
1470 1
1471 1
1473 1
1474 1
34241 1
34244 3
1475 0
34248 1
34252 1
34254 2
34255 1
1488 0
1489 0
34258 2
1491 0
1493 0
34266 1
1498 0
34268 2
1502 0
34272 2
1505 0
1506 0
1508 0
1509 0
1510 0
1511 0
34280 1
1513 0
1514 1
34284 1
1516 0
1517 0
1519 1
1520 0
34290 2
1522 0
1523 0
17916 0
34304 1
34308 1
34317 1
34318 1
34320 2
34322 1
1556 0
34326 4
1561 0
34332 2
34344 2
34346 1
17967 1
34352 1
1585 1
34356 5
1596 1
34367 1
34370 1
34372 1
1605 1
1608 1
34377 1
1612 1
34380 0
34388 1
34392 2
1625 1
34394 1
1628 1
34396 1
1630 1
34400 2
34402 4
34404 1
1637 1
1640 1
34408 1
1643 1
1644 1
1645 1
34412 2
1647 1
1648 1
1649 1
34414 1
1651 1
1652 1
34416 3
1654 1
1655 1
34418 1
1657 1
1658 1
1659 1
1660 1
1661 1
34426 2
34438 3
1673 0
1677 0
34446 2
1679 0
34450 3
1684 1
34452 2
1685 0
1689 1
1692 1
1693 1
1694 1
1696 1
1697 1
1698 1
34464 1
1700 1
1701 1
1702 1
1703 1
1704 1
1705 1
1706 1
1707 1
1708 1
34468 1
1710 1
1711 1
34474 3
34478 1
34480 3
34482 1
1709 0
34491 1
34492 2
34494 4
1727 1
34496 3
34500 1
1736 1
34508 1
1741 0
1744 1
34512 1
34514 2
1746 1
34516 1
1747 1
1748 1
1749 1
1750 1
1751 1
1752 1
1753 1
1754 1
1755 1
1756 1
1757 1
1758 1
1759 1
1760 1
34526 2
1762 1
1763 1
18148 1
18149 1
34538 1
34539 1
34541 1
34542 0
34544 2
1776 0
34550 2
1782 0
34554 2
34555 1
1789 0
34558 0
1791 0
1792 0
1793 0
1794 1
34562 2
1796 1
1795 0
1798 1
34566 1
1797 0
1799 0
1800 0
1803 1
1804 1
1801 0
1802 0
34575 1
34576 1
1805 0
1807 0
1808 0
34578 0
34588 1
34589 1
34590 1
34592 2
34598 2
34600 3
34602 1
18219 4
1838 0
1840 0
34610 2
1842 0
34612 1
1847 0
1848 0
34624 2
34628 1
34630 1
34638 3
34646 1
34659 1
34662 1
1897 1
1900 1
18286 0
34674 2
34676 1
34678 2
1911 1
34685 1
34686 1
34688 2
1921 1
34690 1
1924 1
1927 1
34696 2
34698 3
1932 1
34700 2
1937 1
1940 1
1941 1
1942 1
18327 2
18326 2
1944 1
1945 1
1946 1
1947 1
1948 1
1949 1
1950 1
1951 1
1952 1
1954 1
1955 1
1956 1
1957 1
34724 4
1959 1
1969 1
1972 0
1973 1
1975 1
1981 1
1986 1
1989 1
1990 1
1991 1
1993 1
1994 1
1995 1
1996 1
1997 1
1998 1
1999 1
2000 1
2001 1
2003 1
2004 1
2005 0
2006 1
2008 0
2017 0
2022 0
2024 0
2030 1
2031 1
2034 1
2037 1
2038 1
2039 1
2040 0
2042 1
2043 1
2044 1
2045 1
2046 1
2047 1
2048 1
2049 1
2051 1
2052 1
2054 1
2055 1
2073 0
2074 0
2077 0
2080 1
2081 1
2082 0
2085 0
2086 0
2087 0
2088 0
2089 0
2090 0
2091 1
2092 0
2094 0
2095 0
2097 1
2098 0
2120 0
2122 0
34895 0
34896 0
2131 0
18518 1
18519 2
2136 0
2171 1
2173 1
2180 1
2183 1
2184 1
2186 1
34967 2
2211 1
2219 0
2221 0
2226 1
2227 1
2229 1
34997 3
2232 1
2233 1
35000 0
2235 1
18640 1
2258 0
2273 1
2274 1
2276 1
2279 1
2280 1
2281 1
2283 1
2297 1
2299 1
2313 1
2314 1
2315 1
2316 1
2317 1
2319 1
2320 1
2321 1
2322 1
2324 1
2327 1
2328 1
2330 1
2332 1
2346 0
2348 0
2362 1
2363 0
2364 1
2365 0
2366 0
2368 0
2369 0
2370 1
2371 0
2373 1
2376 0
2377 1
2379 0
2381 0
18782 1
18784 2
18785 2
2404 0
2406 0
35179 0
2412 0
35180 0
2415 0
2419 0
35212 0
18833 0
2463 1
2467 1
2470 1
2471 1
35243 1
2478 1
35246 0
18876 1
2502 1
35275 0
35276 0
2509 1
2510 1
2511 1
2512 1
2513 1
2514 1
2515 1
2516 1
2517 1
2518 1
2521 1
2523 1
2524 1
2526 1
2527 1
2548 1
2551 0
2559 1
2560 1
2561 1
2562 1
2563 1
2564 0
2565 0
2566 1
2567 1
2568 1
18946 0
2571 0
2572 1
2573 1
2574 1
2576 0
2577 0
18974 1
2596 0
18988 0
2605 1
2606 1
2607 1
2608 1
2609 1
2612 1
2613 1
2614 0
2615 1
2616 1
35383 0
2618 0
2619 1
2620 1
35391 1
2624 1
35394 5
35403 1
35406 0
35411 0
2645 1
2653 0
19038 2
2655 1
2654 0
19041 1
19042 2
2656 0
2657 0
2660 0
35429 0
2661 0
2663 0
2664 0
35433 0
2667 0
2668 1
2672 1
19058 1
2685 0
35453 0
35457 0
2693 0
35464 1
35465 0
19086 0
19087 0
35475 1
2707 0
35477 1
35478 0
2711 0
35480 0
19097 0
19100 0
35489 2
35492 2
2735 1
35513 1
35515 0
2748 1
2749 1
2750 1
35516 0
2753 1
2755 1
2756 1
35527 1
35530 0
2777 1
35549 0
2783 1
2784 1
2791 1
2792 1
2794 1
2795 1
2797 1
2798 1
2799 1
2800 0
2801 1
2802 1
2803 1
2804 1
2805 1
19190 1
2806 1
2808 1
35572 1
35571 0
35581 0
35582 0
35583 1
35584 0
2824 0
35593 1
35596 0
2829 0
2830 0
2834 1
2837 1
2838 1
2839 1
2840 1
2841 1
2842 1
2843 1
2844 1
2845 1
35611 1
2847 1
2848 1
2849 1
2850 1
2851 1
2852 1
35615 0
2854 1
2855 1
2856 1
35619 0
35631 0
2866 1
35641 1
35644 0
2877 0
2880 1
2881 1
2882 0
2883 1
2884 1
2885 0
2886 1
2887 1
2888 1
35657 0
2890 1
2891 1
2892 0
2893 0
2894 1
2895 1
2897 1
2898 1
2899 1
35665 0
2912 0
2928 1
2929 0
35697 0
2931 0
2932 0
35699 0
2934 0
2935 0
35704 2
2936 0
2938 0
35707 1
2939 0
2942 0
2943 0
35710 0
2945 0
2946 0
2947 1
35719 0
35721 0
35732 1
35736 1
2970 0
35744 1
35745 1
35747 1
35748 0
35750 2
19369 1
19370 1
35755 0
2989 0
35763 0
35764 0
35767 1
35770 0
3023 1
35797 1
3030 1
19415 1
35800 0
3039 1
3041 1
3046 1
19432 1
19433 1
35819 0
19437 0
3062 1
3063 1
3067 1
3070 1
3071 1
3078 1
3079 1
3080 1
3081 1
3082 1
35851 1
3083 1
3084 1
3085 1
3086 1
3087 1
3088 1
3089 1
35854 0
3092 1
3093 1
3094 1
3096 1
35867 1
35870 0
3107 1
3110 0
3111 1
35879 0
3114 1
19499 1
35883 0
3118 0
3119 1
3122 1
3125 1
3126 1
3127 1
3128 1
3129 1
3130 1
3131 1
3132 1
3133 1
3134 1
3135 1
3136 1
3137 1
3138 1
3139 1
3140 1
3141 1
3142 1
3143 0
3154 0
3158 0
3160 1
35929 2
19549 1
19550 2
3165 0
3169 0
3172 1
3173 1
35942 1
3174 1
3175 1
3176 1
3178 1
3177 0
3180 1
3179 0
3182 1
3183 1
3184 1
3185 1
3181 0
3187 1
3188 1
3189 1
3186 0
19585 0
3209 0
3221 0
3222 1
3223 0
3224 0
3225 0
19611 4
3227 0
3229 0
3231 1
3232 0
3233 0
3234 0
3236 1
3237 0
3238 0
19643 2
3264 0
3273 0
3278 0
19698 0
19699 0
19704 0
3326 1
3337 1
3340 1
36119 1
3353 1
3356 1
3369 1
3372 1
3373 1
3374 1
3375 1
3376 1
3378 1
3380 1
3382 1
3383 1
3384 1
3385 1
3386 1
3387 1
3388 1
3389 1
19773 1
3401 0
3405 0
3416 0
3419 0
3420 1
3421 1
3422 0
3423 1
3425 0
3427 1
3429 0
3430 1
3431 1
3432 1
3433 0
3434 1
3435 0
3436 1
3450 1
36225 1
3464 1
3465 0
3467 1
3468 1
3471 0
3472 1
3474 1
3475 1
3476 1
3478 1
3480 1
3482 1
3501 0
3516 0
3519 0
3520 0
36291 1
3524 0
3526 0
3527 0
3528 0
3530 0
3532 0
3534 0
3619 1
3622 1
3623 1
3627 1
36542 0
3653 1
3659 1
3660 1
3664 1
3668 1
3671 1
3672 1
3673 1
3674 1
3675 1
3676 1
3678 1
3679 1
3680 1
3682 1
3683 1
3685 1
3686 1
3695 1
3699 0
3701 1
3707 1
3708 0
20094 3
3712 1
3716 1
3718 1
3719 1
3720 1
3721 1
3722 1
3723 1
3724 1
3725 1
3726 1
3727 1
3728 1
3729 1
3730 1
3731 1
3732 1
3733 1
3734 1
3745 1
20131 1
36515 0
36516 0
3751 0
3757 0
36528 0
3762 0
20148 0
3765 1
3766 1
3768 1
3769 1
3770 1
36539 1
3771 1
3772 1
3773 1
3774 1
3775 1
3776 1
3777 1
3778 1
3779 1
3780 1
3781 1
3782 1
3784 1
3783 0
3793 0
3810 0
3812 0
3813 0
3814 0
3815 0
3816 0
3817 0
3818 0
3819 0
3820 0
3821 0
3822 0
3823 0
3824 0
3825 0
3826 1
3827 0
3829 0
36633 1
3867 0
36636 0
20262 2
20263 1
3903 1
30084 0
3908 1
3909 1
3911 1
3913 1
3915 1
3919 1
3920 1
20308 0
20311 1
3934 1
36705 0
20322 1
20323 1
3953 0
3954 1
3955 1
3956 1
3958 1
3959 1
3960 1
3961 1
3963 1
3964 1
3965 1
3967 1
3968 1
3969 1
3970 1
3982 1
3986 1
3999 1
4000 1
4001 1
4003 1
4004 1
4005 0
4006 0
4008 1
4009 1
4010 1
4012 1
4013 1
4014 1
4015 1
4016 1
4025 0
4028 1
4031 0
20421 0
20423 0
4043 1
4044 1
4046 1
4047 1
4048 1
4051 1
4052 1
4053 1
4054 0
36820 0
4056 1
4057 1
4058 1
4059 1
4060 1
4074 0
4089 0
4090 0
4091 1
4093 0
4094 1
4095 1
4096 1
4097 0
4098 1
4099 1
20483 2
4102 0
4103 1
4104 1
4105 0
4106 0
36887 0
30127 0
4130 0
4133 0
4134 0
4135 0
30130 0
4137 0
4138 0
20523 1
4142 0
4143 0
20533 0
36921 1
20540 1
36924 0
20543 0
20548 2
4171 1
4184 1
4187 1
4190 1
4192 1
4194 1
4195 1
4196 1
4197 1
4198 1
4200 1
20590 0
20591 0
36979 1
4213 1
4217 1
4224 1
4231 1
4233 1
4234 1
4235 1
4237 1
4238 1
4239 1
4240 1
4241 0
4242 1
4243 0
4244 1
4245 1
4246 1
4247 1
4248 1
4249 1
4250 1
20636 1
4262 0
4266 1
4274 0
20665 0
4282 1
4283 1
4285 0
4286 1
20671 2
4288 1
4289 1
4290 0
4291 1
4293 0
4295 1
4296 1
4297 0
4298 0
4299 1
4300 1
4301 1
4313 1
4317 1
4329 1
4330 1
4331 1
4332 1
4335 1
4336 1
4338 1
4341 1
4342 1
4343 1
20725 1
20728 0
4346 1
4347 1
4348 1
20727 0
4360 0
4364 0
4374 0
4375 1
4376 1
4377 0
4379 1
4380 0
4381 1
4382 1
4383 0
4386 0
4387 0
4388 0
4391 1
4392 1
4393 1
4419 0
4420 0
4423 0
4425 0
4426 0
20810 0
4435 0
4436 0
4437 0
4474 1
4478 1
4480 1
4481 1
4492 1
4517 1
4518 1
4520 1
4522 1
4523 0
4524 1
4525 1
4527 1
4530 1
4532 1
4534 1
4535 1
4536 1
4549 1
4550 1
20943 2
4562 1
4563 1
4565 1
4567 1
4569 1
4570 1
4572 1
4575 1
4576 1
4577 0
4579 1
4580 1
4581 0
20971 1
4596 1
4597 1
20980 2
4600 0
4613 1
4614 1
4615 1
4616 1
4618 1
4620 1
4621 1
4622 1
4623 1
4626 1
4627 1
4629 1
4630 1
4631 1
4645 0
4646 0
21036 0
21037 0
4660 0
4661 0
4662 0
4664 0
4665 0
4667 0
4668 0
4669 0
4670 0
4673 0
4674 0
4676 0
4677 0
4678 0
21069 0
4767 1
4769 1
4775 1
4778 1
4796 1
37565 0
4809 1
4811 1
4812 1
4814 1
4816 1
4817 1
4818 1
4820 1
4821 1
4822 1
4824 1
4825 1
4826 1
4827 1
4843 0
4856 1
4857 1
4858 1
34710 1
4860 1
4861 1
4862 1
4863 1
4864 1
4865 1
4866 1
4867 1
4868 1
4869 1
4870 1
4871 1
4872 1
4873 1
4874 1
4875 1
21264 2
4908 0
4909 0
4910 1
4912 1
4913 1
4914 0
4915 1
4916 1
4917 1
4918 0
4919 1
4920 1
4921 1
4922 1
4923 0
4924 1
4925 1
4926 0
4927 0
4954 0
4956 0
4958 0
4960 0
4961 0
4962 0
4964 0
37733 0
4966 1
4965 0
4967 0
4969 0
4970 0
37739 0
21370 2
21371 2
37773 0
5007 0
21416 1
37819 0
37821 0
37823 0
34718 1
5058 1
37829 0
5065 1
5070 1
37845 0
5087 1
37855 0
5089 1
5103 1
5104 1
5105 1
5106 1
5107 1
5108 1
5111 1
5113 1
5114 1
5115 1
5116 1
5117 1
5118 1
5119 1
5120 1
5121 1
5122 1
37895 0
37903 0
5137 1
5138 1
37905 0
37907 0
5151 1
5152 1
5153 1
5154 0
5155 1
5156 1
5157 1
5159 1
5160 1
5161 1
5162 1
5163 1
5164 1
5165 1
10796 1
5167 1
5168 1
5166 0
5170 1
5169 0
37939 0
37941 0
10800 1
5187 1
5186 0
21573 1
10801 1
5200 1
5201 0
5202 1
5203 1
37971 0
5205 1
5206 1
37975 1
5208 1
5209 0
5210 1
5211 1
5212 1
5213 1
5214 1
37978 0
5216 1
5217 1
5219 1
37997 0
5232 0
5244 1
5245 0
38013 0
5247 0
5249 0
5250 0
5252 0
5254 0
5255 0
5256 0
5257 0
5258 0
5260 0
5261 1
5263 0
21650 2
21651 2
21655 0
38041 0
38053 0
5286 0
38065 0
5302 0
38071 0
43390 0
38091 0
38103 0
21724 0
21725 2
10832 0
5348 1
5352 1
38121 0
38125 0
5360 1
5362 1
5363 1
5366 1
38137 0
10837 0
5383 1
5386 1
38161 1
5394 1
5395 1
21777 0
5397 1
21779 0
5399 1
38164 0
5401 1
5402 1
5403 1
5404 1
5405 1
5406 1
5407 1
5408 1
21787 1
5410 1
5411 1
5409 0
5413 1
38191 1
5424 1
38193 0
38194 0
5428 1
5433 0
5436 1
5437 1
38205 0
5444 1
5445 1
5446 1
5447 1
5448 1
5449 1
5451 1
5452 1
5453 1
5454 1
5455 0
5456 1
5457 0
5458 0
5460 1
5461 1
5463 1
5473 0
38243 0
5477 1
21865 1
21866 1
5483 1
5484 0
5489 1
5490 0
5491 1
5492 1
5493 1
5494 1
5495 1
5496 1
5497 1
5498 1
38267 1
5499 1
5501 1
38263 0
38270 0
5504 1
5505 1
5506 1
38271 0
5508 1
38287 0
5521 0
21911 0
5529 0
5537 0
5538 1
5540 0
5541 0
5542 0
5543 0
5544 0
5545 0
5546 0
5547 0
5549 0
5551 1
5552 0
5553 0
5554 0
5556 0
38335 0
38342 1
5579 0
38354 1
38355 0
5591 0
5628 1
5635 1
5640 1
22024 2
38411 0
5644 1
5645 1
22028 2
38427 0
5663 1
5674 1
5676 1
5677 1
5678 1
5679 1
5681 1
5682 1
5683 1
5684 1
5686 1
5687 1
5690 1
5691 1
22077 2
22078 0
22079 0
22081 0
5705 1
5706 1
5708 1
27188 1
5722 1
5723 1
5724 1
5725 0
5726 0
5727 0
5729 1
5730 1
5731 1
5732 0
5734 1
5735 1
5736 1
5737 1
5738 1
5739 1
5740 1
22130 0
22131 0
5755 0
5756 1
5758 0
5760 1
5770 1
5771 1
5772 1
22157 1
38541 0
5777 1
5778 1
5779 1
5781 1
5782 1
5783 1
5784 1
5785 1
5786 1
5787 1
5788 1
5789 1
38555 0
5806 0
5810 0
5820 1
5821 0
5822 0
5826 1
22210 1
5827 0
5828 0
5829 0
5831 1
5832 0
5833 0
5834 0
5835 1
5836 1
5837 0
5838 0
5839 1
22228 1
5861 0
5867 0
5872 0
5876 0
5877 0
5880 0
22277 0
38661 0
22285 1
38671 0
22288 0
5906 1
5922 1
5923 1
5927 1
5928 1
5929 1
5930 1
5932 1
5934 1
5935 1
5936 1
5937 1
5938 1
5939 1
22329 0
38715 0
5951 1
5955 0
5957 1
5962 1
5970 1
5971 1
5972 1
5973 1
5974 1
5975 1
5976 1
5977 1
5978 1
5979 1
5980 1
5981 1
5982 1
5983 0
5984 1
5985 1
5986 1
5987 1
5988 1
5989 1
6000 0
6003 1
6006 1
6011 1
38782 1
38786 1
6019 1
6020 0
6021 1
6022 0
6023 1
6024 1
6025 1
6026 1
6027 1
6028 1
6029 1
6030 1
6031 1
6033 1
6034 1
6035 1
6036 1
6037 1
6038 1
6050 1
6053 1
6055 1
6056 0
6057 1
6061 1
6064 0
6066 1
6067 1
6069 1
6070 1
6071 1
6072 1
6073 1
6074 1
6075 1
6076 1
38839 0
6078 1
6079 1
6080 1
6081 1
6082 0
6083 1
22472 2
22473 2
6096 0
38865 0
6099 0
6101 0
6103 0
6105 0
38873 0
6110 0
6112 0
6113 1
6114 0
6115 0
38884 1
6116 0
6117 0
6118 0
6119 0
6120 0
6122 1
6123 0
6124 0
6125 1
38891 0
6127 0
6154 0
6163 0
6166 0
38939 1
38942 0
38951 1
38954 0
6199 1
6200 1
6214 1
6215 1
38982 0
6217 1
6218 1
6220 1
6222 1
6224 1
6226 1
6228 1
6229 1
6230 1
6241 1
6245 1
6246 0
6248 0
6250 1
6254 1
6262 1
6263 1
6264 1
6265 0
6266 1
6267 1
6268 1
6269 1
6270 1
6271 1
6272 1
6273 0
6275 1
6276 1
6277 1
6278 1
6279 1
6289 1
6292 1
6297 0
6300 0
6305 1
6309 1
6310 1
6311 1
6313 1
6314 1
6315 1
6316 1
6317 1
6318 1
6319 1
6322 1
6323 1
6324 1
6325 1
6326 1
6335 1
6339 1
6342 1
6352 0
6355 1
6356 1
6357 1
6358 0
6360 1
6361 1
6362 1
6363 0
6364 1
6365 1
6366 1
6367 1
6369 1
6370 1
6371 1
6372 1
6373 1
6374 1
6383 0
6386 0
6389 0
6402 0
6403 0
6404 0
6407 0
6408 0
6409 0
22795 1
22796 1
6411 0
6412 0
6413 0
6414 0
6416 0
6417 0
6418 0
6419 0
6420 0
6421 0
39213 1
39216 0
22843 3
22844 1
6494 1
6496 1
6499 1
6501 1
6504 1
6510 1
39285 1
39288 0
39291 1
6525 1
6526 1
39294 0
6528 1
6529 1
6537 1
6541 1
6542 1
6543 1
6544 1
6545 1
6546 1
6548 1
6549 1
6550 1
6551 1
6552 1
6554 1
6556 1
6557 1
6559 1
6571 1
6572 1
6574 1
6580 1
22965 1
6581 0
6585 1
6589 1
6590 1
6591 1
6592 1
6593 1
6594 1
6596 1
6597 1
6598 1
6599 1
6600 1
6601 1
6602 1
6603 1
6604 1
6605 1
39373 1
6607 1
22990 0
39377 1
39376 0
39380 0
6620 0
6622 0
6623 0
6627 0
6632 0
6636 1
6637 0
6638 1
6639 1
6640 0
6641 1
6643 1
6644 0
6645 1
6646 1
6647 1
6648 0
6649 1
6650 1
6651 0
6652 1
6654 1
23046 3
23047 3
39445 1
39448 0
6682 1
6684 0
6685 0
6687 0
6689 0
6691 0
6692 0
6693 0
6695 0
6696 0
6698 0
6700 1
39477 1
39480 0
6724 0
6741 0
11115 0
6786 1
6791 1
27402 0
23193 1
6814 1
23205 1
6823 1
6827 1
6828 1
6829 0
6830 1
6832 1
6834 1
6835 1
6838 1
6841 1
6843 1
6845 1
6859 0
6865 1
6866 1
6870 1
6874 1
6875 1
6876 1
23259 0
6879 1
6881 0
6882 1
6883 1
6885 1
6888 1
6889 1
6890 1
6891 1
6892 1
6913 0
6914 0
6918 0
6921 1
6922 0
6923 1
6924 0
6925 1
6927 0
6928 1
6930 1
6931 1
6933 1
6934 1
6935 1
6936 0
6937 1
6938 1
23322 3
6940 1
6939 0
6967 0
6969 0
6970 0
6972 1
6974 0
6976 0
6977 0
6979 0
6980 0
6981 0
6983 0
6984 0
6986 0
7009 0
23417 2
11169 0
11170 0
11172 0
7062 1
7063 1
11173 0
7067 1
7068 1
7074 1
7078 1
23462 0
23463 0
23470 2
23471 2
23477 2
7101 1
7109 1
7110 1
7111 1
7112 1
7113 1
7114 1
7115 1
7116 1
7118 1
7119 1
7120 1
7121 1
7122 1
7123 1
7124 1
7125 0
7127 1
7128 1
7152 1
23536 0
23537 0
7157 1
7160 1
7161 1
7162 1
7163 1
7164 1
7165 1
7166 0
7167 1
7169 1
7170 1
7171 1
7172 1
7173 1
7174 1
7175 1
7178 1
7179 1
7193 1
7195 1
7201 0
7202 1
7206 0
7209 1
7210 1
7211 1
7212 1
7213 1
7214 1
7216 0
7217 1
7218 1
7219 1
7220 1
7221 0
23606 1
7223 1
7224 1
7225 1
7226 1
7227 1
7228 1
7222 0
7240 0
7242 0
7247 0
7254 0
7255 0
7256 0
7257 0
7258 0
7259 0
23645 2
7262 0
7263 0
7264 0
7265 0
7268 0
7269 0
7270 0
7271 0
7272 0
7273 1
23659 2
23664 0
23667 0
23668 0
23679 0
7308 0
43794 0
23734 0
23735 0
23737 1
23738 1
7355 1
7356 1
7360 1
7364 1
7366 1
7372 1
7374 1
7394 1
7395 1
7402 1
7403 1
7404 1
7405 1
7406 1
7407 1
7409 1
7411 1
7413 1
7414 1
7417 1
7419 1
7420 1
7421 1
7435 1
23819 2
23820 4
7438 1
7439 1
7443 1
7444 0
7451 1
7452 1
7453 1
7454 0
7455 1
7456 1
7458 1
7460 1
7462 1
7463 1
7465 1
7466 1
7468 1
7469 1
7470 1
7478 1
7480 0
7483 1
23868 0
7485 0
23869 0
7488 0
7495 1
7496 1
7497 0
7498 1
7500 1
7502 0
7503 1
7504 1
7506 1
7507 1
7508 1
7509 1
7510 1
23895 1
7512 1
7513 1
7514 1
23896 1
7526 0
7532 0
7545 0
7546 0
7548 0
7550 0
7553 0
7554 0
7556 0
7557 0
7558 0
7559 0
7560 0
7562 0
7563 0
7564 0
43844 0
43846 0
7641 1
7642 1
7650 1
7653 1
7655 1
7659 1
7660 1
24044 2
7675 1
7688 1
7689 1
7690 1
7694 1
7695 1
7696 1
7697 0
7698 1
7700 1
7701 1
7702 1
7703 1
7705 1
7706 0
7707 1
7720 1
7725 1
7735 1
7738 1
7739 1
7740 1
24122 0
7742 1
7744 1
7745 1
7746 1
24131 0
7748 1
7750 1
7751 1
7752 1
7753 1
7755 1
7757 1
7768 0
7775 0
24163 1
7785 0
7788 1
7789 1
7790 1
7791 0
7792 1
7793 1
7794 0
7795 1
7796 1
7797 1
7798 0
7800 1
7801 0
7802 1
7803 1
7804 1
7805 1
7807 1
7835 0
7836 0
7837 0
7838 0
7840 0
7842 0
7843 0
7844 0
24231 1
24232 1
7847 0
7849 0
7850 0
7851 0
11330 0
7852 0
7854 0
17845 4
17846 4
24281 3
24282 3
7936 1
7938 1
7942 1
7943 1
7951 1
7952 1
24337 2
24338 0
24339 2
7970 1
7974 1
7975 1
7983 1
7984 1
7985 1
7986 1
7987 1
7988 1
7989 1
7990 1
7991 1
7992 1
7993 1
7995 1
7996 1
7997 1
7998 1
7999 1
24382 2
8001 1
24380 1
24381 1
24386 0
24387 0
24388 0
8011 1
8018 1
8022 1
8023 1
8030 1
8031 1
8032 1
8033 1
8034 1
8035 1
8036 0
8037 1
8038 0
8039 1
8040 1
8041 1
8042 1
8043 1
8044 0
8045 1
8046 1
8047 1
8048 1
8049 1
8055 0
24440 0
24439 0
8061 0
4859 0
8066 0
8067 1
24451 0
8074 1
8075 0
8076 1
8077 1
8078 0
8079 1
8081 0
8083 0
8084 0
8085 1
8086 1
8087 0
8089 1
8090 1
8091 0
8092 1
8093 1
8114 0
8121 1
8122 0
8124 0
8126 0
8132 0
8133 0
8136 0
8137 0
8139 0
8140 0
24535 1
24536 4
8162 0
24591 1
8210 1
24599 1
24604 2
8222 1
8226 1
8227 1
8228 1
24612 0
8230 1
8234 1
8235 1
8237 1
8238 1
8239 1
8240 1
8241 1
8256 0
8267 1
8271 1
8272 1
8273 1
8274 1
24657 0
8275 0
8277 1
8279 0
8280 0
8281 1
8282 0
8283 1
8284 1
8285 1
8286 1
24668 1
8302 1
24690 0
8312 1
8315 1
8316 1
8318 1
8320 1
8321 1
8322 1
8325 1
8329 1
8331 1
8332 1
8333 1
8334 1
8343 1
8347 1
8354 1
8358 0
8361 1
8362 1
8364 1
8366 1
8367 0
8368 0
8369 1
8370 1
8371 1
8373 1
8375 1
8377 1
8378 1
8379 0
8380 1
8388 0
8392 0
8400 0
8406 0
8407 0
8410 0
8411 0
8414 0
8415 0
8416 0
8418 0
8420 0
8422 0
8423 0
8425 0
24836 4
24837 2
24844 1
8487 1
8493 1
8502 1
8503 1
8504 1
8510 1
8511 1
8513 1
8515 1
24900 0
8519 1
8520 1
8532 1
24916 0
8533 0
8541 0
8542 1
8546 1
41315 2
24930 2
8549 1
8550 1
8551 1
8552 1
8553 1
8554 1
8555 1
8556 1
8557 1
8558 1
8559 1
8560 1
8561 1
8563 1
8565 1
8566 1
8567 1
8568 1
24960 0
8577 1
8579 1
24964 2
24972 1
8588 0
8591 0
24976 0
8594 1
8595 1
8596 0
41365 2
8597 1
8599 1
8600 1
8598 0
8602 1
8603 1
41368 0
8605 1
8606 1
8601 0
8608 1
8604 0
8610 1
8611 1
8612 1
8613 0
8623 1
8627 1
25016 0
8635 1
25021 1
25022 0
8642 1
25026 2
8644 1
8646 1
8647 1
8648 1
8650 1
8651 1
41421 1
8653 1
8654 1
8655 1
8656 1
8658 1
8659 1
8660 1
8669 0
8672 0
8681 0
25068 0
8688 0
8689 0
8691 0
8693 0
8694 0
25079 2
8696 0
8697 0
8699 1
8700 0
8701 0
8702 0
8704 0
8705 0
8706 0
8735 0
25135 0
8761 1
8763 1
25153 0
41547 2
8779 1
1745 0
41550 0
41552 1
8788 1
8790 1
8793 1
41569 1
41570 1
8804 1
8809 1
8810 0
41591 2
8826 1
8827 1
8828 1
8829 1
8830 1
25212 3
8832 1
8833 1
8834 1
8835 1
8836 1
8837 1
8838 1
8839 1
25220 2
8841 1
8842 1
41617 2
41620 0
8852 0
8854 1
8855 1
8861 1
8869 1
8870 1
8872 1
8873 1
8874 1
8875 0
8877 1
8878 1
8879 1
8880 1
8881 0
8882 1
8883 1
8884 1
8885 1
8886 1
8887 1
8888 1
8898 1
8899 1
8902 1
8906 0
8911 1
8914 0
8915 0
8916 1
8917 1
8918 1
8919 1
8922 1
8923 1
8924 1
8925 1
8927 1
8928 1
8929 1
8930 0
8931 1
8932 1
8933 1
8944 0
8946 0
8948 0
8957 0
8961 0
8963 0
8964 0
8965 0
8968 0
8969 0
8970 0
8971 0
8973 0
8974 0
8975 0
8977 0
8978 0
8979 0
25373 1
25377 1
41768 2
25388 0
25413 0
41809 2
25427 1
41812 0
41820 1
9067 1
9069 1
9070 1
9071 1
9073 1
9074 1
9075 1
9076 1
9077 1
9079 1
9080 1
9081 1
9082 1
9083 1
9085 1
9100 1
9104 1
9112 1
25499 2
9116 1
25501 1
9118 1
9119 1
9120 1
9122 1
9123 1
9124 1
9125 1
9126 1
9127 1
9128 1
9129 1
9130 1
9131 1
9132 0
9133 1
9134 1
41911 0
9147 0
9151 0
25536 2
9159 0
9162 1
9163 0
9165 1
9166 1
9167 1
9169 0
9170 1
9171 0
9172 1
9173 1
9174 0
9175 1
9176 1
9177 1
9178 1
25562 0
9180 1
9181 1
25570 0
25577 0
9210 1
25594 0
9213 1
9214 1
9215 1
9218 1
9220 1
9221 0
9223 1
9224 0
9225 0
9226 1
9228 0
9229 0
9257 0
9260 0
9261 0
9262 0
9265 0
9267 0
9270 0
9273 0
9289 0
9342 1
42113 0
9350 1
9351 1
9352 1
9354 1
9355 1
9358 1
9362 1
25749 1
9366 1
9367 1
9368 1
25750 1
9390 0
9398 0
9399 1
9400 1
9401 1
9402 0
9403 1
9404 1
9405 1
9406 1
9408 1
9409 1
9410 1
9411 1
9414 1
9415 0
9416 1
9417 1
25818 1
9439 1
9447 1
9448 1
9450 0
9451 1
9452 1
9453 1
9454 1
9456 0
9457 0
9458 1
9459 1
9460 1
9461 1
9462 1
9464 1
9465 1
9487 1
25873 2
9495 1
9496 1
42265 1
9498 1
9499 1
9500 1
42268 0
9501 0
42271 1
9502 0
42274 0
42275 0
9508 1
9509 1
9510 1
9506 0
9512 1
9513 1
9507 0
25893 0
25917 0
9534 0
25918 0
9542 0
9543 0
9544 0
9546 0
9547 0
9555 0
9556 0
9557 0
9559 0
9560 0
42387 1
9621 1
42390 0
9625 1
9629 1
9637 1
9638 1
9641 1
9642 1
9643 1
9644 1
9647 1
9650 1
9651 1
9652 1
26038 1
9655 1
26039 1
26041 1
9667 1
42437 1
9670 1
9672 1
42440 0
9676 0
9677 1
9681 1
9685 1
9686 1
9687 1
9688 1
9689 1
9690 1
9691 1
9692 1
9693 1
9695 1
9696 1
9698 1
9699 1
9700 1
9701 1
9702 1
9703 1
9714 0
9715 1
9717 0
26102 0
9719 1
9724 1
9727 1
9730 1
9731 1
9732 1
9733 1
9734 1
9735 1
9736 1
9737 0
9738 1
9739 1
9741 0
9742 1
9743 1
9744 1
9745 1
9746 0
9747 1
9748 1
9749 1
26140 2
26141 2
9763 0
9766 0
9770 1
9773 0
9776 0
9777 1
9778 1
9779 1
9780 1
9781 1
9782 1
9784 0
9785 1
9788 1
9789 1
9790 0
9791 1
9793 1
9794 1
9795 1
9816 0
9824 0
9825 0
9826 0
9827 0
9828 0
9829 0
11722 0
9832 0
9835 0
9836 0
9838 0
9840 0
9841 0
9842 0
9909 1
9911 1
9913 1
9916 1
9917 1
9920 1
9922 1
9923 1
9924 1
26311 1
26312 1
9940 1
9944 1
9947 1
9950 1
9953 1
9954 1
9955 1
9956 1
9957 1
9958 1
9959 1
9961 1
9962 1
9965 1
9966 1
9967 1
9968 1
9969 1
9970 1
9971 1
9972 1
9987 0
9990 1
9995 0
9998 1
10001 1
10002 1
10003 1
10004 1
10005 1
10006 1
10007 1
10008 1
10009 0
10010 1
10011 1
10013 1
10014 0
10015 1
10016 1
10017 0
10018 1
10019 1
10020 1
10032 1
10036 0
10044 0
10047 0
10048 1
10049 1
10050 1
10051 0
10052 1
10053 0
10054 0
10056 1
10057 0
10059 0
10061 1
10062 1
10064 0
10065 1
10066 1
10078 0
10092 0
10093 0
10094 0
10096 0
10100 0
10105 0
10106 0
10109 0
10110 0
28064 0
26526 2
10165 1
10168 1
10181 1
10182 1
10183 1
10184 1
10185 1
10186 1
10187 1
26565 1
26566 1
10193 1
10194 1
10195 1
10196 1
10198 1
10212 0
10215 1
10225 1
10228 1
10229 1
10230 1
10231 1
10232 1
10233 1
10234 1
10235 1
10238 1
10239 1
10241 1
10242 1
10243 1
10244 1
10245 1
10246 1
10263 0
10273 0
10276 1
10277 0
10278 1
10279 0
10280 0
10281 1
10282 1
10283 1
10285 1
10286 1
10287 1
10289 1
10290 1
10291 1
10292 1
10293 1
10294 0
10306 1
26692 1
10314 1
26700 1
10317 1
10320 1
10321 1
10325 1
10326 1
10327 1
10329 1
10330 1
10331 1
10332 1
10333 1
10334 1
10335 1
10336 0
10337 1
10356 0
10365 0
10369 0
10372 0
10373 0
10377 0
10378 0
10379 0
10381 0
10382 0
10383 0
10384 0
10385 0
10386 0
10387 0
10389 0
26778 0
10407 0
26814 1
10455 1
10461 1
10468 1
10469 1
10470 1
10471 1
10472 1
10474 1
10476 1
10477 1
10478 1
10480 1
10481 1
10482 1
10483 1
10485 1
10487 1
26875 1
10503 1
10505 1
10508 0
10515 1
10516 1
10517 0
10518 0
10519 1
10520 1
10521 1
10523 1
10524 1
10525 1
10527 1
10528 1
10529 1
10530 1
10532 1
10533 1
10534 1
10547 1
10550 0
10552 1
26937 1
10561 1
10564 1
10565 1
10567 1
10569 1
10570 1
26953 0
10572 1
10573 1
10574 1
10576 0
10577 1
10578 1
10579 1
10580 1
10581 1
10582 1
10583 1
10589 1
43359 2
10593 1
43362 1
43363 1
43364 1
43365 4
43366 2
10598 0
43368 1
10602 1
44441 0
43372 2
43373 3
10605 0
44442 0
43376 0
10609 1
10610 1
10608 0
10612 0
10613 1
10614 0
43383 2
10616 1
10617 0
43386 1
43387 2
10618 1
10619 1
10621 1
10622 1
10623 1
10624 1
10625 1
43395 2
43396 2
43397 3
10626 1
43399 2
10627 0
43400 0
43402 0
43403 2
10635 0
43405 1
10637 0
43407 2
43408 1
43406 0
43413 1
43414 2
43415 3
10645 0
43418 0
10653 0
10654 0
10657 0
43427 2
10660 0
43430 2
10662 0
10663 0
10665 0
10666 0
43435 4
43436 1
10667 0
10668 0
10669 0
43438 0
43441 3
10670 0
43443 1
43444 3
43446 0
43447 0
43448 0
43455 2
43457 4
43458 2
43459 1
43460 2
43462 0
43467 2
43470 3
43477 1
43480 0
43490 1
43491 3
10725 1
43494 0
43495 0
10730 1
43499 1
43502 0
43505 3
43506 3
10738 1
43508 1
43509 1
43510 1
10739 1
10740 1
10741 1
43514 1
10743 1
10744 1
10747 1
10749 1
10751 1
27129 4
10753 1
10754 1
27130 4
10756 1
43529 2
43532 0
43539 3
10772 1
10774 1
43542 0
43545 1
43546 1
10778 0
43549 2
43550 1
10785 1
10786 1
43555 2
10787 1
10788 1
43558 1
43559 3
43560 1
10789 1
43562 1
43563 2
10790 1
10791 1
43566 4
43567 1
43568 1
10793 1
10794 1
43571 3
10795 1
43573 1
10798 1
10799 1
43576 1
43577 2
43578 2
10802 1
10803 1
43581 2
43574 0
43583 2
43584 1
43585 1
43586 1
43587 2
43588 2
10819 1
10821 1
10829 1
43599 1
43600 1
10833 1
10834 1
43603 5
43604 5
10835 1
10836 1
10838 1
10839 1
10840 1
10841 1
10842 1
10843 1
43613 3
10846 1
10847 1
10848 1
10849 1
10850 1
43619 3
10845 0
43622 3
43627 1
43628 1
10860 1
27244 0
43630 0
10864 0
43633 2
43634 2
43635 1
43636 1
43637 3
10870 1
43639 4
43640 1
10866 0
43642 1
10873 0
27259 0
10877 1
10878 1
10879 0
10880 0
44496 0
43650 2
10882 1
10883 1
10884 1
10885 1
10886 1
10887 1
43655 1
43656 1
10891 1
10892 1
10890 0
10894 1
10893 0
43665 2
43666 2
43669 1
43672 1
43673 1
10906 0
43674 0
43683 2
27300 1
10918 0
43687 3
43686 0
43690 0
43691 3
43693 4
43694 2
10926 0
10927 0
43697 3
43696 0
10931 0
10932 0
10933 0
10934 0
43703 2
43704 2
10935 0
10936 0
43700 0
10940 0
43709 4
43710 4
10941 0
10943 0
43713 5
43714 3
43716 3
43725 3
43728 0
43729 0
43730 0
43741 1
43744 0
43745 1
27361 1
43748 0
43749 1
43752 0
43753 2
43755 0
43756 0
43757 0
43758 0
27376 1
27377 2
27378 2
43763 1
43766 0
43767 0
27387 1
43773 2
43776 0
43777 0
43778 0
43779 0
43783 0
43784 0
43785 1
11018 1
43786 0
43788 0
43789 2
11021 1
11022 1
11023 1
11024 1
11026 1
11027 1
11028 1
11029 1
43792 0
11031 1
11032 1
11033 1
43793 0
11035 1
11036 1
27413 0
43805 0
43811 0
43812 0
43817 0
43818 0
43819 2
11051 1
11052 1
43822 0
11056 1
11057 1
43827 2
43829 2
11061 1
43830 0
11064 1
43832 0
11066 1
11067 1
11068 1
11069 1
11070 0
11071 1
11072 1
11073 0
11074 0
11075 1
11076 1
11077 1
43843 0
43847 1
11079 1
11081 1
11080 1
43851 1
11082 1
11083 1
43854 0
11078 0
43850 0
43859 1
43862 0
11096 1
11097 0
11100 1
11102 0
11103 1
43875 2
11107 0
11110 1
43879 1
11112 1
43881 1
11113 1
43878 0
43882 0
43885 1
11117 1
11118 1
11114 0
11121 1
11122 1
11123 1
43884 0
11125 1
11126 1
43888 0
11128 1
11129 1
43897 0
11127 0
43907 0
43908 0
11141 1
11143 1
43913 1
11146 0
43916 0
43917 1
11150 0
43920 0
11154 1
27538 1
11157 1
11158 1
43927 1
11159 1
11160 1
27546 1
43931 1
11163 1
43933 1
11164 1
11165 1
11167 1
11168 1
43930 0
43939 1
43934 0
43936 0
43937 0
11175 1
11176 1
43945 1
43938 0
43947 2
43942 0
43943 0
43944 0
43948 0
43950 0
43955 1
43956 0
43957 1
43958 0
11187 0
43960 0
43961 1
11188 0
43964 0
11199 0
11202 0
11203 0
11204 0
11206 0
43975 2
27591 0
11208 0
11209 0
43978 0
11210 0
11212 0
43981 0
43982 0
11213 0
11220 0
43989 1
43990 0
11221 0
43992 0
43995 0
43996 0
44000 0
44003 1
44005 1
44006 0
44008 0
44009 1
44012 0
44013 1
44014 0
44015 1
44016 0
44018 0
44023 1
44026 0
44031 1
44034 0
11270 1
41318 0
44043 2
44046 0
44049 1
44050 0
44052 0
11285 1
11286 1
11287 1
44054 0
11289 1
11290 1
44057 0
11292 1
11293 1
11294 1
44058 0
44061 0
44065 0
44066 0
44069 0
11302 1
11303 1
44070 0
44073 0
44074 0
44081 1
11315 1
44084 0
11318 1
44087 1
44090 0
44091 1
44092 0
44094 0
44095 0
11328 1
11329 1
44096 0
11331 1
44097 0
11333 1
11334 1
11335 1
11336 1
11337 1
11338 1
44107 2
44105 0
11341 1
44106 0
44110 0
11345 1
11346 1
11347 1
11361 1
11364 0
11370 1
11377 0
11378 0
11380 1
11382 1
11383 1
11384 0
11385 0
11386 1
11387 1
11390 1
11393 1
11394 0
11395 1
11396 1
27788 1
11408 1
11417 0
11420 1
27805 2
11426 0
11428 1
11429 1
11432 1
11433 0
11435 1
11436 0
11437 1
11438 1
11439 1
11441 1
11442 1
27825 0
11455 0
11469 0
11477 0
11478 0
11481 0
27865 0
27866 0
11484 0
11486 0
11487 0
11488 0
11490 0
11491 0
11505 0
44622 0
11578 1
11579 1
11582 1
27968 1
11589 1
11606 1
27993 1
27994 1
11618 1
11619 1
28002 0
11622 1
11623 1
11625 1
11626 1
11630 1
11632 1
11633 1
11634 1
11635 1
11636 1
11649 1
11651 1
11653 1
44098 0
44431 1
44432 1
11665 1
44433 1
44434 1
11664 1
11666 1
11669 1
11670 1
11672 1
11671 1
11674 1
28058 2
28059 2
44445 3
44446 3
11673 1
11677 1
44449 3
11679 1
44451 1
44452 1
11680 1
11682 1
11683 1
44448 0
11681 0
11695 1
44463 0
44464 0
11699 0
11701 0
44471 2
44472 2
44473 1
44474 1
11703 0
44476 0
44477 2
44480 1
11715 0
11716 1
11717 1
28101 1
44487 2
11720 0
11721 1
28105 4
11723 1
11724 1
44493 1
11725 1
28106 1
11728 1
44490 0
44498 1
11731 1
44499 4
11733 1
44501 2
44503 3
44504 3
44502 1
11730 0
44506 0
11734 0
44509 3
44511 3
11743 0
28127 0
44514 2
44512 0
44516 0
11762 0
44531 2
44532 2
11763 0
11767 0
44536 2
11769 0
11770 0
44539 3
11771 0
44542 0
44543 1
11774 0
11777 0
11779 0
28164 0
44553 0
44554 0
28195 0
44581 2
44582 2
44587 4
44590 0
44591 1
44592 1
44595 2
44596 2
44603 2
44606 1
44615 5
44616 4
44618 0
44619 3
11854 1
11855 1
11856 1
44625 3
11858 1
44626 3
11860 1
44629 1
11862 1
11863 1
11857 1
11865 1
44633 2
11867 1
44636 1
44628 0
11871 1
11882 1
11886 1
28277 1
11901 1
11902 0
11903 1
11904 1
11905 1
11907 1
11909 1
11910 1
11912 1
11914 1
11916 1
11918 1
28309 2
28310 2
11930 1
11932 0
11935 1
28321 0
11946 1
11948 1
11949 1
11950 1
11952 1
11954 1
11955 1
11956 1
11957 1
11959 1
11961 1
11963 1
11973 0
11979 1
28363 1
28370 0
11988 1
11991 1
11993 1
11994 1
11995 0
11997 1
11999 1
12000 1
12001 1
12002 1
12004 1
12006 1
12007 1
12008 1
12009 1
12026 0
12033 0
12036 0
12038 0
12039 0
28424 0
12042 0
12044 0
12045 0
12046 0
12047 0
12049 0
12051 0
12052 0
12053 0
12054 0
12104 1
12110 1
12114 1
12117 1
12118 1
12119 1
12120 1
12121 1
12123 1
12126 1
12127 1
12128 1
12130 1
12131 1
12132 1
12133 1
12134 1
28519 2
12136 1
28521 1
12147 1
12150 1
28537 1
12157 0
12160 1
12163 1
12164 1
12165 0
12166 1
12167 1
12168 1
12169 1
12172 1
12173 1
12174 0
12176 1
12177 1
12178 0
12179 1
12180 0
12182 1
12194 1
12197 0
28584 2
28586 2
12207 0
12210 1
12211 1
28595 0
12213 0
12214 1
12215 0
12216 1
12219 1
12220 0
12223 1
12224 1
12226 0
12229 1
12242 0
12255 0
12256 0
12258 0
12261 0
12264 0
12267 1
12268 1
12269 1
28656 0
12274 1
28670 0
28676 0
12311 0
12312 0
12313 0
12318 0
28741 2
12364 1
12383 1
12386 1
12388 1
12390 1
12394 1
12396 1
12398 1
12399 1
12400 1
12409 0
12419 1
12424 1
12428 1
12430 1
12432 0
12433 1
12434 1
12436 1
12440 1
12441 1
12442 1
12444 1
12445 0
12446 1
28830 2
28831 2
12461 1
12466 1
12469 1
12470 1
12471 1
12472 1
12473 1
12475 0
12476 0
12478 0
12482 1
12483 1
12484 1
12485 1
12486 1
12488 1
12506 0
12511 0
12514 1
12515 0
12516 0
12517 1
12518 1
12525 1
12527 0
12528 0
12529 0
12530 1
12531 0
12533 0
28926 1
28940 1
12559 0
12562 0
12563 0
12570 0
12575 0
28964 4
12635 1
29019 1
29029 1
12655 1
12662 1
12663 1
41594 0
12666 1
12667 1
29055 1
29056 2
12680 1
12681 1
12691 1
45460 1
12694 1
12696 1
12697 1
12698 1
12699 1
12701 1
12702 1
29091 1
12707 1
12709 1
12710 1
12711 1
12712 1
12713 1
12708 0
12723 1
29109 2
29110 2
12726 0
12727 0
12739 0
12742 1
12744 0
12745 1
29130 1
12746 1
12747 1
12749 1
12750 0
29135 1
29136 2
12753 1
12755 0
12757 1
12758 1
12759 1
12760 1
12761 1
12769 0
29156 1
29157 2
29158 1
29161 2
12786 1
12789 0
12792 1
12793 0
12794 1
12795 1
12796 0
29183 4
29184 1
12800 0
29186 0
29187 2
29188 1
12803 1
12804 1
12805 1
12806 1
12807 1
12808 1
29197 4
29200 0
29201 1
29204 0
29209 1
29212 0
12832 0
12838 0
29224 2
12840 0
12841 0
12849 0
12850 0
12851 0
12852 0
12853 0
12854 0
29247 1
29249 1
29250 0
29252 0
29263 3
29264 1
29266 0
29267 1
29270 0
29275 1
29278 4
29279 1
29282 0
29287 2
12911 1
12914 1
12916 1
29305 1
29308 0
12926 1
12928 1
29313 3
12929 1
12930 1
29326 3
29327 3
29328 2
12955 1
12956 1
29341 2
29342 2
12958 1
12960 1
29345 1
12968 1
12970 1
12971 1
12972 0
12973 1
12974 1
29366 1
29367 1
29371 2
29372 2
29383 2
29384 1
13002 1
13003 1
13006 1
13007 1
13010 1
13012 1
13015 1
13017 1
13018 1
13020 1
29405 2
13021 0
29408 2
45799 1
29418 2
29421 1
29424 0
13044 1
13049 1
13052 1
13053 1
13056 1
13057 1
13060 0
13061 1
13062 1
13065 1
13066 1
13067 1
13068 1
29453 2
13070 1
29455 2
45845 2
45846 2
29470 1
13093 0
13096 0
29482 2
13099 0
13100 0
13103 0
13104 0
45875 2
13108 0
13109 0
13112 0
13113 0
13114 0
45883 2
13115 0
13117 0
45886 0
29510 1
29511 2
29513 4
29515 1
29516 0
29525 2
29538 2
29541 2
13161 1
13163 1
13165 1
13168 1
13172 1
29557 1
13175 1
13176 1
13177 1
13178 1
13179 1
13180 1
29560 0
13182 1
13183 1
13184 1
29569 1
13187 1
13188 1
13189 1
13190 1
13192 1
29577 1
29578 1
13193 1
13208 0
13209 0
13212 0
29599 2
13216 0
29602 2
13220 1
13223 1
13224 1
13225 1
13226 1
13227 1
13228 1
13229 1
13230 1
13231 1
13232 0
13235 0
13236 1
13237 1
13238 0
13240 1
29625 1
13241 1
29628 0
13264 1
13268 0
29654 1
13271 1
13272 1
13273 0
13274 1
13275 1
13276 1
13277 1
13278 1
29663 4
13279 0
13282 1
29666 0
13284 1
13285 1
13288 1
13289 1
29679 3
29682 0
29683 2
13307 1
29692 2
13308 1
13315 1
46084 1
13316 1
13318 1
13319 1
13320 1
13321 1
13322 1
13324 1
13325 1
13326 1
13328 1
13329 1
13330 1
29715 2
13332 0
13333 1
29718 0
46121 2
13353 0
13354 0
46124 0
13361 0
13362 0
13364 0
13365 0
13366 0
13367 0
29752 0
13368 0
13370 0
13371 0
13372 0
13374 0
13375 0
13376 0
13379 0
29765 2
29768 0
46156 3
46159 0
29776 1
29785 1
29786 1
29794 0
29807 1
13424 1
29809 1
29810 0
29812 0
46197 2
13429 1
46200 3
13432 1
13433 1
13435 1
29820 1
13437 1
13438 1
13439 1
29816 0
13441 1
13442 1
13444 1
13445 1
13446 1
13447 1
13451 1
29835 0
29837 1
29836 0
29840 0
13462 1
29847 0
29848 0
29855 2
13473 0
29858 1
13474 1
29860 1
13477 1
13480 1
13481 1
13482 1
13483 1
29869 2
13485 1
13486 1
29872 2
29873 1
13487 1
13488 1
13489 1
13490 1
13492 1
13494 1
13495 1
29876 0
13493 0
13499 0
13507 0
29893 2
29896 0
46287 3
29903 1
29905 2
13520 0
29906 0
29908 1
46292 0
13524 0
13527 1
13528 0
13529 0
46298 2
13530 1
13532 1
13533 0
13534 1
13535 1
13536 1
13537 1
13538 1
13539 0
13541 0
13542 1
29930 0
29952 0
13571 1
13574 1
29959 3
13576 1
29961 2
29962 0
13578 0
29964 1
13580 1
13581 1
13579 0
13582 0
13586 1
29973 2
29976 1
29980 0
29995 1
29996 1
30004 0
13620 0
13624 0
13625 0
30013 2
13629 0
13630 0
30016 0
13635 0
30024 1
30037 2
46421 2
30040 0
30045 2
30048 0
13678 1
13683 1
13688 1
13691 1
13692 1
13693 1
13694 1
13696 1
13697 1
13698 1
13699 1
13700 1
13701 1
13702 1
13703 1
30082 0
30089 1
13705 1
30091 1
30092 1
13706 1
13710 1
30101 2
30102 0
30104 0
13723 1
13728 1
13729 1
13733 0
13736 1
30121 1
13737 1
13738 1
13739 1
13740 1
30126 1
13741 1
30128 1
13742 1
13743 1
13744 1
13745 1
13746 1
13747 1
13748 1
13751 1
13752 1
13754 1
13755 1
30138 0
13750 0
30143 3
30146 0
30150 1
13770 1
13772 0
46543 2
46544 2
13777 0
13778 0
13785 1
13786 1
13787 1
13788 1
30173 0
13790 1
13789 0
13792 1
13791 0
13794 1
13795 1
13793 0
13797 1
30182 1
13796 0
13800 1
13801 0
13802 1
13803 1
13804 1
30201 2
13817 0
13820 1
30204 0
13832 1
13833 1
13834 1
13835 1
30220 1
13837 1
13839 0
13841 1
13842 1
13844 1
13846 1
13847 1
13849 0
13850 0
13851 1
30243 1
30246 0
13867 0
30253 0
30254 1
13878 0
13879 0
13880 0
13881 0
30266 0
13883 0
30270 0
13887 0
46656 0
30273 1
13888 0
13890 0
30276 0
13892 0
13893 0
13897 0
30295 0
30305 2
30308 0
30315 1
30318 0
13944 1
30337 1
30340 0
30355 1
30358 0
13981 2
30389 1
30392 0
14013 0
46791 2
46792 2
30457 1
30459 1
30460 0
30462 0
30483 1
30486 0
14123 1
30511 2
30513 1
30514 0
30516 0
14147 0
30605 1
30608 0
30617 1
30620 0
30643 1
30645 1
30648 0
30653 1
30656 0
30665 1
30667 1
30668 0
30670 0
30675 3
30678 0
30695 1
30698 0
30707 1
30710 0
30721 1
30724 0
30731 2
30734 0
30745 1
30748 0
30766 0
30855 1
30858 0
30883 0
30891 0
30900 1
30906 3
30912 1
30937 1
30940 0
30992 0
30993 1
30996 0
31069 2
31072 0
31127 0
31129 1
31132 0
31151 1
31153 0
31154 0
31161 1
31164 0
14790 2
31175 1
14791 2
31178 0
14799 1
31199 0
14818 0
14833 1
14836 2
14837 1
14851 0
14860 0
14878 3
14950 2
14951 2
31357 2
31360 1
14984 1
31403 1
31405 0
31406 2
31413 1
31416 0
15056 4
15057 4
15091 1
15122 0
31510 1
31511 2
31514 0
31520 2
31521 2
31523 2
31525 3
31526 1
31527 1
31528 1
15143 0
31531 3
31533 3
31534 0
31536 0
31539 2
31542 0
31543 1
31544 1
31547 1
31548 2
31549 3
31550 0
31552 0
31556 1
31557 3
31558 3
31559 2
31560 0
31562 3
31569 1
31573 1
31575 1
31576 1
31581 3
31583 1
31584 0
31585 5
31586 3
31588 2
15210 1
31595 4
31596 2
31597 1
31598 1
31599 1
31602 0
15221 1
15222 1
31605 2
31607 3
31609 3
31610 0
31611 1
31612 0
31617 1
31619 1
31624 1
31629 1
31630 1
31631 2
31632 0
31633 3
31634 2
31635 1
31636 0
31638 1
31642 1
31644 3
31645 2
31646 1
31647 2
31648 1
31649 4
31650 1
15260 0
31652 0
31653 1
31656 0
31657 3
31658 2
31659 4
31661 2
31662 1
31663 1
31664 0
31667 1
31669 3
31670 0
31671 1
31672 0
31673 2
31674 0
31676 1
31680 1
31681 1
31683 3
31685 2
31686 0
31687 2
31690 0
31691 2
31694 1
31695 2
31698 0
31699 1
31700 1
31705 2
31707 1
31708 1
31710 0
31713 0
31723 2
31726 0
35614 0
31731 1
31733 2
31734 1
31737 1
31738 2
31741 4
31744 2
31747 2
31748 1
31750 0
31754 1
31756 1
31757 2
31758 1
31759 2
31760 0
31761 2
31762 0
15380 0
31765 3
31764 0
31768 0
31771 5
31773 2
31774 0
31776 0
31783 1
31784 1
31785 1
31787 1
31788 1
31791 2
31794 0
31795 3
31798 0
31803 2
31805 2
31807 3
31808 0
31809 3
31810 0
31811 1
31812 1
31815 3
31817 2
31818 0
31819 1
31820 1
31823 1
31824 1
31827 2
31828 2
31829 1
31831 1
31833 1
31834 2
31841 2
31842 3
31843 1
31847 1
31849 3
31852 0
31853 3
31854 2
31855 2
31861 2
31864 0
31865 2
31867 2
31869 3
31870 0
31871 2
31872 0
31873 1
31877 1
31878 1
31879 3
31882 1
31883 2
31886 0
31889 4
31891 1
31892 0
31893 1
31895 3
31896 0
31898 0
31901 1
31903 1
31904 4
31905 1
31906 1
31907 1
31909 4
31911 4
31912 0
31914 0
31915 1
31917 1
31918 0
31920 1
31921 2
31923 2
31924 0
31926 0
31927 1
31929 5
31931 3
31932 1
31934 0
31940 1
31941 5
31943 2
31944 0
31945 2
31946 1
31953 3
31954 1
31956 0
31957 3
31958 1
31959 3
31960 0
31962 0
31965 3
31966 4
31967 1
31969 3
31970 0
31971 2
31972 0
31974 1
31977 2
31978 2
31979 2
31980 1
31981 1
31982 0
31983 2
31986 0
15605 1
31989 1
31991 1
31992 1
31993 1
31994 1
31995 1
31996 1
31998 0
32001 1
32003 2
32005 1
32006 0
32007 3
32010 2
32011 1
32013 1
32019 1
32023 2
32025 3
32026 0
32028 0
32029 2
32031 2
32032 0
32035 4
32037 2
32038 0
32039 3
32040 1
32041 2
32042 0
32044 0
32049 5
32050 3
32051 1
32052 1
32053 2
32054 3
15668 0
32056 1
15673 1
32059 2
32062 1
32063 2
32065 3
32068 0
32075 1
32076 1
32077 1
32078 1
32084 1
32085 2
32086 2
32087 1
32088 1
32089 4
32092 0
32093 1
32094 1
32095 3
32097 3
32098 0
32099 3
32100 0
32102 0
32103 2
32105 3
32106 0
32107 4
32108 0
32109 4
32112 0
32115 2
32117 2
32118 3
32121 2
32124 1
32125 4
32128 0
32139 1
32140 1
32157 1
32160 0
32161 0
32168 0
32169 1
32171 0
32172 0
32175 0
32176 0
32177 0
32178 0
15795 1
32183 0
32185 1
32188 0
32193 0
32194 0
32197 1
32200 0
32201 1
32202 0
32203 2
32204 0
32206 0
32214 0
32217 1
32218 0
32220 0
32223 0
15840 2
15841 2
32224 0
15846 0
32233 1
32236 0
32246 0
32247 0
32248 0
32249 1
32250 0
32252 0
32258 0
32260 0
32261 1
32264 0
32267 1
32270 0
32271 0
32275 1
32278 0
32279 1
32282 0
32283 1
32285 2
32286 0
32287 1
32288 0
32289 0
32290 0
32293 2
32295 1
32296 0
32297 1
32298 0
32299 0
32300 0
32302 0
15923 0
32307 0
32308 0
32311 1
32314 0
32315 1
32317 1
32318 0
32319 2
15936 5
32320 0
32321 0
32322 0
32325 0
32327 1
32329 1
32330 0
32332 0
32334 0
32335 1
32338 0
32343 1
32346 0
32359 2
32362 0
32367 1
32368 0
32369 2
32370 0
32372 0
32375 1
32377 1
32378 0
32379 1
32380 0
32381 1
32382 0
32383 1
32384 0
32386 0
32387 1
32389 1
32390 0
32391 1
32392 0
32393 0
32394 0
32395 1
32397 0
32398 0
32401 0
32402 0
32404 0
32407 0
32408 0
32410 0
32415 1
32417 1
32418 0
32419 1
32420 0
32422 0
32425 1
32428 0
32429 0
32430 0
32431 1
32434 0
32437 1
32438 0
32439 1
32440 0
32441 0
32442 0
32443 1
32444 0
32446 0
32449 0
32450 0
32451 1
32454 0
32455 1
32458 0
32459 1
32462 0
32464 0
32465 1
32468 0
32469 1
32472 0
32474 0
16091 1
32478 0
32479 0
32480 0
32481 1
32484 0
16103 2
32491 0
32497 0
32499 0
32500 0
32501 1
32502 0
32504 0
32505 1
32508 0
32509 1
32510 0
32512 0
32513 0
32514 0
32516 0
32519 0
32520 0
32522 0
32525 0
32526 0
32527 0
32531 1
32532 0
32533 1
32534 0
32536 0
32537 0
32538 0
32539 0
32540 0
16165 0
32549 0
32551 0
32556 0
32557 1
32558 0
32559 0
32560 0
32567 0
32568 0
32570 0
32575 1
32577 0
32578 0
32579 1
32581 0
32582 0
32583 0
32584 0
32589 1
32591 0
32592 0
32593 1
32595 0
32596 0
32597 2
32599 1
32600 0
32602 0
32604 0
32606 0
32611 1
32612 0
32613 1
32614 0
32615 1
32616 0
32618 0
32623 1
19510 2
32624 0
32626 0
32627 1
32628 0
32630 0
32633 1
32636 0
32637 1
32640 0
32642 0
32643 0
32649 1
32652 0
32653 1
32655 0
32656 0
32657 1
32658 0
32659 0
32660 0
32661 0
32662 0
32667 1
32669 1
32670 0
32672 0
32673 1
32676 0
32679 1
32682 0
32685 0
32686 0
16304 2
32691 1
32693 1
32694 0
32696 0
32697 2
32699 1
32700 0
32701 1
32702 0
32704 0
32705 0
32706 0
32707 1
32709 1
32710 0
32711 0
32712 0
32713 0
32714 0
32715 0
32716 0
32719 0
32721 0
32722 0
16340 0
16341 0
32724 0
32726 0
32729 3
32732 0
32735 1
32738 0
32739 0
32740 0
16365 1
16366 1
32749 1
32752 0
16370 2
16371 2
16374 2
