16391 1
16393 4
16394 0
16395 0
32781 0
16399 1
32796 0
28 0
32797 0
32800 1
32809 0
32810 0
32825 0
60 1
32828 1
32835 0
32837 0
32838 1
32840 1
16468 0
16469 0
32861 0
32864 1
32883 0
32886 1
16513 0
16520 0
146 0
32945 0
32947 0
32948 1
181 1
16565 1
32950 1
32967 0
32970 1
16591 1
33009 0
33012 1
33015 0
33017 0
250 0
33019 0
33018 1
33020 1
33022 1
33027 0
33030 1
33045 0
33048 1
288 1
16673 0
16675 0
33063 0
33066 1
16696 0
33083 0
33086 1
16737 1
379 0
33163 0
33166 1
414 1
33191 0
33194 1
16826 0
33225 0
33228 1
33243 0
33244 0
16861 1
33257 0
33260 1
33279 0
33282 1
33295 0
33298 1
33311 0
33313 0
33314 1
33316 1
33351 0
594 0
33365 0
33368 1
605 0
16993 0
16994 0
17010 0
630 1
641 1
33487 1
33490 1
33502 1
33511 0
33514 1
33546 0
33559 1
33563 0
33566 1
33587 0
33590 1
823 0
830 0
831 0
856 0
33631 1
864 0
865 1
869 0
870 0
872 1
873 1
33643 0
877 0
878 0
33646 1
899 0
901 1
33669 0
33672 1
908 0
911 1
912 1
913 0
916 1
917 1
17300 0
919 1
920 1
33687 1
922 0
924 1
925 1
926 0
33695 1
944 1
946 1
953 1
956 1
957 1
958 1
17343 1
961 1
962 1
964 1
965 1
967 1
969 1
970 1
17354 0
971 1
33741 0
33744 1
33749 1
33754 0
33761 0
33764 1
997 1
1011 1
17400 0
33785 0
33788 1
17406 1
33791 0
33794 1
33797 0
33800 1
17418 0
17422 0
33814 0
1052 0
1053 0
1055 0
1060 0
1065 0
1075 0
17461 1
17462 1
1086 0
1089 0
1092 0
1093 0
1094 0
1095 0
1097 1
1098 1
1100 1
33869 0
1102 0
1103 0
1104 0
1105 1
1106 0
1107 0
33871 0
1109 0
1110 1
1111 0
33872 1
33881 0
33874 1
33883 0
33884 1
33886 1
1121 1
1124 0
1127 0
1131 1
33901 0
1135 1
33904 1
1138 1
1139 1
1140 1
1141 1
1143 1
1144 1
1146 1
1147 0
1148 1
1149 1
1150 1
17534 0
33917 0
1151 1
1152 1
1155 1
1156 1
1157 1
1153 1
33920 1
33927 1
33931 0
33934 1
1169 1
1172 1
17558 1
1181 1
1184 1
1185 1
1187 1
1189 1
1190 1
1191 0
1192 1
1193 1
1194 1
1195 1
1196 1
17578 0
17579 0
33965 0
33968 1
1201 1
1202 1
1203 1
1213 1
33995 0
1227 1
17613 0
33997 0
1229 1
1232 1
1233 1
33998 1
1234 1
34000 1
1236 1
1238 1
1237 1
34009 0
34012 1
1245 1
17642 0
17644 1
17648 5
1272 1
1273 1
17656 1
1278 1
34106 0
1344 0
17730 2
1351 0
34126 0
1358 0
1359 0
1360 0
1361 0
1362 0
1364 0
1366 0
1367 0
34136 0
1368 0
1369 0
1370 0
1371 0
1373 0
1374 0
34143 0
1375 0
34144 0
1376 0
1377 0
1372 0
34146 1
34160 0
1393 0
1394 1
34165 0
1398 0
34166 0
34168 1
1402 1
34170 0
1409 1
1410 1
1411 1
1412 1
1413 1
34180 0
1415 1
1417 1
1418 1
1419 1
1420 1
1421 1
34190 0
1423 1
1424 1
34192 0
1426 1
1427 1
1428 1
34196 0
1422 1
1425 1
34204 0
1442 1
1443 1
1445 0
1447 1
34215 0
34216 0
1450 1
34218 1
1453 0
1456 1
1457 1
1458 1
1459 1
1460 1
1461 0
1462 1
34230 0
34232 0
1464 1
34234 0
1465 1
1467 1
1468 1
1470 1
1471 1
1473 1
1474 1
34241 0
34244 1
1475 1
34248 0
34252 0
34254 0
34255 0
1488 1
1489 1
34258 1
1491 1
1493 1
34266 0
1498 1
34268 0
1502 1
34272 0
1505 1
1506 1
1508 1
1509 1
1510 1
1511 1
34280 0
1513 1
1514 1
34284 0
1516 1
1517 1
1519 1
1520 1
34290 0
1522 1
1523 1
17916 2
34304 0
34308 0
34317 0
34318 0
34320 1
34322 0
1556 1
34326 0
1561 1
34332 0
34344 0
34346 0
17967 0
34352 0
1585 0
34356 0
1596 0
34367 0
34370 2
34372 0
1605 0
1608 0
34377 0
1612 0
34380 1
34388 0
34392 0
1625 0
34394 0
1628 0
34396 0
1630 1
34400 0
34402 0
34404 0
1637 0
1640 0
34408 0
1643 1
1644 0
1645 0
34412 0
1647 0
1648 0
1649 0
34414 0
1651 0
1652 1
34416 0
1654 0
1655 1
34418 0
1657 0
1658 0
1659 1
1660 0
1661 0
34426 0
34438 0
1673 1
1677 1
34446 0
1679 1
34450 0
1684 0
34452 0
1685 1
1689 1
1692 1
1693 1
1694 1
1696 1
1697 1
1698 1
34464 0
1700 1
1701 1
1702 0
1703 1
1704 1
1705 0
1706 1
1707 1
1708 1
34468 0
1710 1
1711 0
34474 0
34478 0
34480 0
34482 0
1709 1
34491 0
34492 0
34494 1
1727 0
34496 0
34500 0
1736 1
34508 0
1741 1
1744 1
34512 0
34514 0
1746 1
34516 0
1747 1
1748 0
1749 1
1750 1
1751 0
1752 1
1753 1
1754 1
1755 1
1756 1
1757 1
1758 1
1759 1
1760 1
34526 0
1762 1
1763 1
18148 0
18149 0
34538 0
34539 0
34541 0
34542 1
34544 1
1776 1
34550 0
1782 1
34554 0
34555 0
1789 1
34558 1
1791 1
1792 1
1793 1
1794 1
34562 0
1796 1
1795 1
1798 1
34566 0
1797 1
1799 1
1800 1
1803 1
1804 1
1801 1
1802 1
34575 0
34576 0
1805 1
1807 1
1808 1
34578 1
34588 0
34589 0
34590 0
34592 1
34598 0
34600 0
34602 0
18219 0
1838 1
1840 1
34610 0
1842 1
34612 0
1847 1
1848 1
34624 0
34628 0
34630 0
34638 0
34646 0
34659 0
34662 1
1897 0
1900 0
18286 1
34674 0
34676 0
34678 0
1911 0
34685 0
34686 0
34688 1
1921 0
34690 0
1924 0
1927 0
34696 0
34698 0
1932 0
34700 0
1937 0
1940 0
1941 0
1942 0
18327 0
18326 0
1944 0
1945 1
1946 0
1947 0
1948 1
1949 0
1950 0
1951 0
1952 0
1954 0
1955 0
1956 0
1957 0
34724 0
1959 1
1969 1
1972 1
1973 0
1975 1
1981 1
1986 1
1989 1
1990 1
1991 1
1993 1
1994 1
1995 1
1996 1
1997 1
1998 1
1999 1
2000 1
2001 1
2003 1
2004 1
2005 1
2006 1
2008 1
2017 1
2022 1
2024 1
2030 1
2031 0
2034 1
2037 1
2038 1
2039 1
2040 1
2042 1
2043 1
2044 1
2045 1
2046 1
2047 1
2048 1
2049 1
2051 1
2052 1
2054 1
2055 0
2073 1
2074 1
2077 1
2080 1
2081 1
2082 1
2085 1
2086 1
2087 1
2088 1
2089 1
2090 1
2091 1
2092 1
2094 1
2095 1
2097 1
2098 1
2120 1
2122 1
34895 1
34896 1
2131 1
18518 0
18519 0
2136 1
2171 0
2173 0
2180 0
2183 0
2184 0
2186 0
34967 0
2211 0
2219 1
2221 1
2226 0
2227 0
2229 1
34997 0
2232 1
2233 1
35000 1
2235 1
18640 0
2258 1
2273 1
2274 1
2276 1
2279 1
2280 1
2281 1
2283 0
2297 0
2299 0
2313 0
2314 0
2315 0
2316 0
2317 0
2319 0
2320 0
2321 1
2322 1
2324 1
2327 1
2328 1
2330 1
2332 1
2346 1
2348 1
2362 1
2363 1
2364 1
2365 1
2366 1
2368 1
2369 1
2370 1
2371 1
2373 1
2376 1
2377 1
2379 1
2381 1
18782 0
18784 0
18785 0
2404 1
2406 1
35179 2
2412 1
35180 2
2415 1
2419 1
35212 1
18833 1
2463 0
2467 0
2470 0
2471 0
35243 0
2478 0
35246 1
18876 0
2502 0
35275 1
35276 1
2509 1
2510 0
2511 0
2512 1
2513 0
2514 0
2515 0
2516 1
2517 1
2518 0
2521 0
2523 0
2524 1
2526 0
2527 0
2548 0
2551 1
2559 1
2560 1
2561 1
2562 1
2563 1
2564 1
2565 1
2566 1
2567 1
2568 1
18946 1
2571 1
2572 0
2573 1
2574 1
2576 1
2577 1
18974 0
2596 1
18988 1
2605 1
2606 1
2607 1
2608 1
2609 1
2612 1
2613 1
2614 1
2615 0
2616 0
35383 3
2618 1
2619 1
2620 1
35391 0
2624 0
35394 2
35403 0
35406 4
35411 2
2645 0
2653 1
19038 0
2655 1
2654 1
19041 0
19042 0
2656 1
2657 1
2660 1
35429 1
2661 1
2663 1
2664 1
35433 1
2667 1
2668 1
2672 1
19058 0
2685 1
35453 1
35457 1
2693 1
35464 0
35465 1
19086 3
19087 1
35475 1
2707 1
35477 0
35478 2
2711 1
35480 2
19097 1
19100 1
35489 2
35492 2
2735 0
35513 0
35515 1
2748 0
2749 0
2750 0
35516 1
2753 0
2755 0
2756 0
35527 1
35530 2
2777 0
35549 1
2783 0
2784 1
2791 0
2792 0
2794 0
2795 0
2797 0
2798 1
2799 1
2800 1
2801 0
2802 0
2803 1
2804 0
2805 1
19190 0
2806 1
2808 0
35572 1
35571 1
35581 2
35582 2
35583 3
35584 1
2824 1
35593 3
35596 2
2829 1
2830 1
2834 0
2837 1
2838 0
2839 1
2840 1
2841 1
2842 0
2843 1
2844 1
2845 1
35611 0
2847 1
2848 1
2849 1
2850 1
2851 1
2852 1
35615 1
2854 1
2855 0
2856 0
35619 2
35631 3
2866 0
35641 0
35644 2
2877 1
2880 1
2881 1
2882 1
2883 1
2884 1
2885 1
2886 1
2887 1
2888 1
35657 2
2890 1
2891 1
2892 1
2893 1
2894 1
2895 1
2897 1
2898 1
2899 1
35665 2
2912 1
2928 1
2929 1
35697 1
2931 1
2932 1
35699 1
2934 1
2935 1
35704 0
2936 1
2938 1
35707 0
2939 1
2942 1
2943 1
35710 4
2945 1
2946 1
2947 1
35719 1
35721 1
35732 0
35736 0
2970 1
35744 2
35745 1
35747 1
35748 2
35750 2
19369 0
19370 0
35755 1
2989 1
35763 2
35764 1
35767 1
35770 2
3023 0
35797 0
3030 0
19415 0
35800 2
3039 0
3041 0
3046 0
19432 0
19433 0
35819 2
19437 2
3062 0
3063 0
3067 0
3070 1
3071 0
3078 1
3079 0
3080 0
3081 0
3082 0
35851 0
3083 0
3084 0
3085 0
3086 0
3087 1
3088 0
3089 1
35854 1
3092 0
3093 0
3094 1
3096 0
35867 1
35870 2
3107 0
3110 1
3111 1
35879 1
3114 1
19499 0
35883 1
3118 1
3119 1
3122 0
3125 1
3126 1
3127 1
3128 1
3129 1
3130 1
3131 1
3132 1
3133 1
3134 1
3135 1
3136 1
3137 0
3138 0
3139 1
3140 1
3141 1
3142 0
3143 1
3154 1
3158 1
3160 1
35929 0
19549 0
19550 0
3165 1
3169 1
3172 1
3173 1
35942 0
3174 1
3175 1
3176 1
3178 1
3177 1
3180 1
3179 1
3182 1
3183 1
3184 1
3185 1
3181 1
3187 1
3188 1
3189 1
3186 1
19585 6
3209 1
3221 1
3222 1
3223 1
3224 1
3225 1
19611 0
3227 1
3229 1
3231 1
3232 1
3233 1
3234 1
3236 1
3237 1
3238 1
19643 0
3264 1
3273 1
3278 1
19698 1
19699 1
19704 1
3326 0
3337 0
3340 0
36119 0
3353 0
3356 0
3369 0
3372 0
3373 0
3374 1
3375 0
3376 0
3378 0
3380 0
3382 0
3383 0
3384 1
3385 0
3386 0
3387 1
3388 0
3389 0
19773 0
3401 1
3405 1
3416 1
3419 1
3420 1
3421 1
3422 1
3423 1
3425 1
3427 1
3429 1
3430 1
3431 1
3432 1
3433 1
3434 1
3435 1
3436 1
3450 0
36225 0
3464 1
3465 1
3467 1
3468 0
3471 1
3472 0
3474 1
3475 1
3476 1
3478 1
3480 1
3482 0
3501 1
3516 1
3519 1
3520 1
36291 0
3524 1
3526 1
3527 1
3528 1
3530 1
3532 1
3534 1
3619 0
3622 0
3623 0
3627 0
36542 1
3653 0
3659 0
3660 0
3664 0
3668 0
3671 1
3672 0
3673 1
3674 1
3675 0
3676 0
3678 1
3679 0
3680 0
3682 0
3683 0
3685 0
3686 0
3695 0
3699 1
3701 0
3707 1
3708 1
20094 0
3712 1
3716 1
3718 0
3719 1
3720 1
3721 1
3722 1
3723 1
3724 1
3725 0
3726 1
3727 1
3728 1
3729 0
3730 1
3731 1
3732 0
3733 1
3734 1
3745 1
20131 0
36515 1
36516 1
3751 1
3757 1
36528 1
3762 1
20148 1
3765 0
3766 1
3768 1
3769 1
3770 1
36539 0
3771 1
3772 1
3773 1
3774 1
3775 1
3776 1
3777 1
3778 1
3779 1
3780 1
3781 1
3782 1
3784 1
3783 1
3793 1
3810 1
3812 1
3813 1
3814 1
3815 1
3816 1
3817 1
3818 1
3819 1
3820 1
3821 1
3822 1
3823 1
3824 1
3825 1
3826 1
3827 1
3829 1
36633 0
3867 1
36636 1
20262 0
20263 0
3903 0
30084 1
3908 0
3909 0
3911 0
3913 0
3915 0
3919 0
3920 0
20308 2
20311 0
3934 0
36705 1
20322 0
20323 0
3953 1
3954 0
3955 0
3956 0
3958 1
3959 1
3960 0
3961 1
3963 1
3964 0
3965 1
3967 0
3968 0
3969 1
3970 1
3982 1
3986 0
3999 1
4000 1
4001 1
4003 1
4004 1
4005 1
4006 1
4008 1
4009 1
4010 1
4012 1
4013 1
4014 1
4015 1
4016 0
4025 1
4028 0
4031 1
20421 1
20423 2
4043 1
4044 1
4046 1
4047 1
4048 1
4051 0
4052 1
4053 1
4054 1
36820 1
4056 1
4057 1
4058 1
4059 1
4060 1
4074 1
4089 1
4090 1
4091 1
4093 1
4094 1
4095 0
4096 0
4097 1
4098 1
4099 1
20483 0
4102 1
4103 1
4104 1
4105 1
4106 1
36887 1
30127 1
4130 1
4133 1
4134 1
4135 1
30130 1
4137 1
4138 1
20523 0
4142 1
4143 1
20533 3
36921 0
20540 0
36924 1
20543 1
20548 0
4171 0
4184 0
4187 0
4190 0
4192 0
4194 0
4195 0
4196 0
4197 0
4198 0
4200 0
20590 1
20591 1
36979 0
4213 0
4217 1
4224 0
4231 1
4233 0
4234 0
4235 1
4237 1
4238 0
4239 1
4240 0
4241 1
4242 1
4243 1
4244 1
4245 1
4246 0
4247 1
4248 0
4249 0
4250 0
20636 0
4262 1
4266 1
4274 1
20665 1
4282 1
4283 1
4285 1
4286 1
20671 0
4288 1
4289 1
4290 1
4291 1
4293 1
4295 1
4296 1
4297 1
4298 1
4299 1
4300 1
4301 1
4313 1
4317 0
4329 1
4330 0
4331 1
4332 1
4335 1
4336 1
4338 1
4341 0
4342 1
4343 1
20725 0
20728 1
4346 1
4347 1
4348 1
20727 1
4360 1
4364 1
4374 1
4375 1
4376 1
4377 1
4379 0
4380 1
4381 1
4382 0
4383 1
4386 1
4387 1
4388 1
4391 1
4392 1
4393 1
4419 1
4420 1
4423 1
4425 1
4426 1
20810 1
4435 1
4436 1
4437 1
4474 0
4478 0
4480 0
4481 0
4492 0
4517 1
4518 0
4520 1
4522 0
4523 1
4524 1
4525 0
4527 0
4530 0
4532 0
4534 0
4535 1
4536 0
4549 0
4550 0
20943 0
4562 1
4563 1
4565 1
4567 1
4569 1
4570 1
4572 1
4575 1
4576 0
4577 1
4579 1
4580 1
4581 1
20971 0
4596 0
4597 1
20980 0
4600 1
4613 1
4614 1
4615 0
4616 1
4618 1
4620 1
4621 1
4622 0
4623 1
4626 1
4627 1
4629 0
4630 1
4631 1
4645 1
4646 1
21036 1
21037 1
4660 1
4661 1
4662 1
4664 1
4665 1
4667 1
4668 1
4669 1
4670 1
4673 1
4674 1
4676 1
4677 1
4678 1
21069 1
4767 0
4769 0
4775 0
4778 0
4796 0
37565 1
4809 0
4811 0
4812 0
4814 1
4816 1
4817 0
4818 0
4820 0
4821 0
4822 1
4824 0
4825 1
4826 0
4827 0
4843 1
4856 0
4857 1
4858 0
34710 0
4860 1
4861 0
4862 1
4863 0
4864 1
4865 1
4866 1
4867 0
4868 1
4869 1
4870 1
4871 0
4872 1
4873 1
4874 1
4875 1
21264 0
4908 1
4909 1
4910 1
4912 1
4913 1
4914 1
4915 1
4916 1
4917 1
4918 1
4919 1
4920 1
4921 1
4922 1
4923 1
4924 1
4925 1
4926 1
4927 1
4954 1
4956 1
4958 1
4960 1
4961 1
4962 1
4964 1
37733 2
4966 1
4965 1
4967 1
4969 1
4970 1
37739 1
21370 0
21371 0
37773 1
5007 1
21416 0
37819 1
37821 1
37823 2
34718 0
5058 0
37829 2
5065 0
5070 0
37845 4
5087 0
37855 1
5089 0
5103 0
5104 0
5105 0
5106 0
5107 0
5108 1
5111 0
5113 0
5114 0
5115 1
5116 0
5117 0
5118 0
5119 0
5120 1
5121 0
5122 0
37895 1
37903 1
5137 1
5138 1
37905 7
37907 2
5151 1
5152 1
5153 1
5154 1
5155 1
5156 1
5157 0
5159 1
5160 0
5161 1
5162 1
5163 1
5164 1
5165 1
10796 1
5167 1
5168 1
5166 1
5170 1
5169 1
37939 1
37941 2
10800 1
5187 1
5186 1
21573 0
10801 1
5200 1
5201 1
5202 1
5203 1
37971 3
5205 1
5206 1
37975 0
5208 1
5209 1
5210 1
5211 1
5212 1
5213 1
5214 1
37978 1
5216 1
5217 1
5219 1
37997 2
5232 1
5244 1
5245 1
38013 5
5247 1
5249 1
5250 1
5252 1
5254 1
5255 1
5256 1
5257 1
5258 1
5260 1
5261 1
5263 1
21650 0
21651 0
21655 1
38041 1
38053 1
5286 1
38065 4
5302 1
38071 3
43390 1
38091 3
38103 2
21724 2
21725 0
10832 1
5348 0
5352 0
38121 1
38125 2
5360 0
5362 0
5363 0
5366 0
38137 4
10837 1
5383 0
5386 0
38161 0
5394 0
5395 1
21777 1
5397 0
21779 1
5399 1
38164 1
5401 0
5402 0
5403 0
5404 0
5405 0
5406 0
5407 1
5408 0
21787 0
5410 1
5411 0
5409 1
5413 1
38191 0
5424 0
38193 3
38194 1
5428 0
5433 1
5436 1
5437 0
38205 1
5444 1
5445 0
5446 1
5447 1
5448 0
5449 1
5451 1
5452 1
5453 1
5454 1
5455 1
5456 1
5457 1
5458 1
5460 1
5461 1
5463 1
5473 1
38243 1
5477 1
21865 0
21866 0
5483 1
5484 1
5489 1
5490 1
5491 1
5492 1
5493 1
5494 1
5495 0
5496 1
5497 1
5498 1
38267 0
5499 1
5501 1
38263 1
38270 1
5504 0
5505 1
5506 1
38271 4
5508 1
38287 4
5521 1
21911 2
5529 1
5537 1
5538 1
5540 1
5541 1
5542 1
5543 1
5544 1
5545 1
5546 1
5547 1
5549 1
5551 0
5552 1
5553 1
5554 1
5556 1
38335 1
38342 0
5579 1
38354 0
38355 1
5591 1
5628 0
5635 0
5640 0
22024 0
38411 2
5644 0
5645 0
22028 0
38427 2
5663 0
5674 1
5676 0
5677 0
5678 0
5679 0
5681 1
5682 0
5683 0
5684 0
5686 1
5687 0
5690 1
5691 1
22077 0
22078 1
22079 1
22081 2
5705 0
5706 0
5708 1
27188 0
5722 1
5723 1
5724 0
5725 1
5726 1
5727 1
5729 1
5730 1
5731 1
5732 1
5734 1
5735 1
5736 0
5737 0
5738 1
5739 1
5740 0
22130 1
22131 1
5755 1
5756 1
5758 1
5760 0
5770 1
5771 1
5772 1
22157 0
38541 2
5777 1
5778 1
5779 1
5781 0
5782 1
5783 1
5784 1
5785 1
5786 1
5787 1
5788 1
5789 0
38555 3
5806 1
5810 1
5820 1
5821 1
5822 1
5826 0
22210 0
5827 1
5828 1
5829 1
5831 1
5832 1
5833 1
5834 1
5835 1
5836 1
5837 1
5838 1
5839 1
22228 0
5861 1
5867 1
5872 1
5876 1
5877 1
5880 1
22277 1
38661 1
22285 0
38671 1
22288 1
5906 0
5922 0
5923 0
5927 0
5928 0
5929 0
5930 0
5932 0
5934 0
5935 0
5936 0
5937 0
5938 0
5939 0
22329 1
38715 1
5951 0
5955 1
5957 0
5962 0
5970 1
5971 0
5972 1
5973 0
5974 0
5975 1
5976 1
5977 1
5978 1
5979 0
5980 1
5981 0
5982 1
5983 1
5984 1
5985 1
5986 1
5987 1
5988 0
5989 0
6000 1
6003 0
6006 1
6011 1
38782 0
38786 0
6019 1
6020 1
6021 1
6022 1
6023 1
6024 1
6025 1
6026 1
6027 1
6028 1
6029 1
6030 1
6031 1
6033 1
6034 1
6035 1
6036 1
6037 1
6038 1
6050 1
6053 1
6055 0
6056 1
6057 0
6061 0
6064 1
6066 1
6067 1
6069 1
6070 1
6071 1
6072 1
6073 1
6074 1
6075 1
6076 1
38839 1
6078 1
6079 1
6080 1
6081 1
6082 1
6083 1
22472 0
22473 0
6096 1
38865 2
6099 1
6101 1
6103 1
6105 1
38873 2
6110 1
6112 1
6113 1
6114 1
6115 1
38884 0
6116 1
6117 1
6118 1
6119 1
6120 1
6122 1
6123 1
6124 1
6125 1
38891 3
6127 1
6154 1
6163 1
6166 1
38939 0
38942 2
38951 0
38954 4
6199 0
6200 0
6214 0
6215 0
38982 1
6217 0
6218 0
6220 0
6222 0
6224 0
6226 0
6228 0
6229 0
6230 0
6241 0
6245 0
6246 1
6248 1
6250 0
6254 0
6262 1
6263 0
6264 0
6265 1
6266 1
6267 1
6268 0
6269 1
6270 0
6271 1
6272 0
6273 1
6275 1
6276 0
6277 1
6278 1
6279 1
6289 1
6292 1
6297 1
6300 1
6305 0
6309 1
6310 1
6311 1
6313 1
6314 1
6315 1
6316 1
6317 1
6318 1
6319 1
6322 1
6323 1
6324 1
6325 1
6326 1
6335 1
6339 1
6342 0
6352 1
6355 0
6356 1
6357 1
6358 1
6360 1
6361 1
6362 1
6363 1
6364 1
6365 1
6366 1
6367 0
6369 1
6370 1
6371 1
6372 1
6373 1
6374 0
6383 1
6386 1
6389 1
6402 1
6403 1
6404 1
6407 1
6408 1
6409 1
22795 0
22796 0
6411 1
6412 1
6413 1
6414 1
6416 1
6417 1
6418 1
6419 1
6420 1
6421 1
39213 0
39216 2
22843 0
22844 0
6494 0
6496 0
6499 0
6501 0
6504 0
6510 0
39285 0
39288 1
39291 0
6525 0
6526 0
39294 1
6528 0
6529 0
6537 0
6541 0
6542 1
6543 0
6544 1
6545 0
6546 1
6548 1
6549 0
6550 0
6551 1
6552 0
6554 0
6556 0
6557 1
6559 0
6571 1
6572 1
6574 1
6580 0
22965 0
6581 1
6585 1
6589 1
6590 1
6591 1
6592 1
6593 1
6594 1
6596 1
6597 1
6598 1
6599 1
6600 1
6601 0
6602 1
6603 0
6604 1
6605 1
39373 0
6607 1
22990 1
39377 0
39376 2
39380 3
6620 1
6622 1
6623 1
6627 1
6632 1
6636 1
6637 1
6638 1
6639 1
6640 1
6641 1
6643 1
6644 1
6645 1
6646 1
6647 1
6648 1
6649 1
6650 1
6651 1
6652 1
6654 1
23046 0
23047 0
39445 0
39448 1
6682 1
6684 1
6685 1
6687 1
6689 1
6691 1
6692 1
6693 1
6695 1
6696 1
6698 1
6700 1
39477 0
39480 3
6724 1
6741 1
11115 1
6786 0
6791 0
27402 1
23193 0
6814 0
23205 0
6823 0
6827 0
6828 0
6829 1
6830 0
6832 0
6834 1
6835 0
6838 0
6841 0
6843 0
6845 0
6859 1
6865 0
6866 0
6870 1
6874 1
6875 1
6876 1
23259 2
6879 1
6881 1
6882 1
6883 0
6885 1
6888 1
6889 0
6890 1
6891 0
6892 1
6913 1
6914 1
6918 1
6921 0
6922 1
6923 1
6924 1
6925 0
6927 1
6928 0
6930 1
6931 1
6933 1
6934 0
6935 0
6936 1
6937 1
6938 1
23322 0
6940 1
6939 1
6967 1
6969 1
6970 1
6972 0
6974 1
6976 1
6977 1
6979 1
6980 1
6981 1
6983 1
6984 1
6986 1
7009 1
23417 0
11169 1
11170 1
11172 1
7062 0
7063 0
11173 1
7067 0
7068 0
7074 0
7078 0
23462 1
23463 1
23470 0
23471 0
23477 0
7101 0
7109 1
7110 0
7111 1
7112 0
7113 0
7114 1
7115 1
7116 0
7118 0
7119 0
7120 0
7121 1
7122 0
7123 0
7124 0
7125 1
7127 0
7128 0
7152 1
23536 1
23537 1
7157 0
7160 1
7161 1
7162 1
7163 1
7164 1
7165 1
7166 1
7167 1
7169 1
7170 1
7171 1
7172 1
7173 1
7174 1
7175 1
7178 1
7179 1
7193 0
7195 0
7201 1
7202 0
7206 1
7209 1
7210 1
7211 1
7212 1
7213 1
7214 1
7216 1
7217 0
7218 1
7219 1
7220 1
7221 1
23606 0
7223 1
7224 1
7225 0
7226 0
7227 1
7228 1
7222 1
7240 1
7242 1
7247 1
7254 1
7255 1
7256 1
7257 1
7258 1
7259 1
23645 0
7262 1
7263 1
7264 1
7265 1
7268 1
7269 1
7270 1
7271 1
7272 1
7273 1
23659 0
23664 1
23667 1
23668 1
23679 4
7308 1
43794 1
23734 1
23735 1
23737 0
23738 0
7355 0
7356 0
7360 0
7364 0
7366 0
7372 0
7374 0
7394 0
7395 0
7402 1
7403 1
7404 0
7405 0
7406 0
7407 1
7409 0
7411 1
7413 1
7414 0
7417 0
7419 1
7420 0
7421 1
7435 0
23819 0
23820 0
7438 0
7439 0
7443 1
7444 1
7451 1
7452 1
7453 1
7454 1
7455 1
7456 1
7458 1
7460 1
7462 1
7463 1
7465 0
7466 1
7468 1
7469 1
7470 1
7478 0
7480 1
7483 1
23868 1
7485 1
23869 1
7488 1
7495 1
7496 1
7497 1
7498 1
7500 1
7502 1
7503 0
7504 1
7506 1
7507 1
7508 0
7509 1
7510 1
23895 0
7512 1
7513 1
7514 1
23896 0
7526 1
7532 1
7545 1
7546 1
7548 1
7550 1
7553 1
7554 1
7556 1
7557 1
7558 1
7559 1
7560 1
7562 1
7563 1
7564 1
43844 2
43846 1
7641 0
7642 0
7650 0
7653 0
7655 0
7659 0
7660 0
24044 0
7675 0
7688 1
7689 0
7690 1
7694 0
7695 0
7696 0
7697 1
7698 0
7700 1
7701 0
7702 1
7703 0
7705 0
7706 1
7707 1
7720 0
7725 1
7735 0
7738 1
7739 1
7740 1
24122 1
7742 0
7744 1
7745 1
7746 1
24131 4
7748 1
7750 1
7751 1
7752 1
7753 1
7755 1
7757 1
7768 1
7775 1
24163 0
7785 1
7788 1
7789 1
7790 1
7791 1
7792 0
7793 0
7794 1
7795 1
7796 1
7797 0
7798 1
7800 1
7801 1
7802 1
7803 1
7804 0
7805 1
7807 1
7835 1
7836 1
7837 1
7838 1
7840 1
7842 1
7843 1
7844 1
24231 0
24232 0
7847 1
7849 1
7850 1
7851 1
11330 1
7852 1
7854 1
17845 0
17846 0
24281 0
24282 0
7936 0
7938 0
7942 0
7943 0
7951 0
7952 0
24337 0
24338 3
24339 0
7970 0
7974 0
7975 0
7983 0
7984 1
7985 1
7986 0
7987 0
7988 0
7989 1
7990 1
7991 0
7992 0
7993 0
7995 0
7996 0
7997 0
7998 1
7999 1
24382 0
8001 0
24380 0
24381 0
24386 1
24387 1
24388 1
8011 0
8018 1
8022 1
8023 1
8030 0
8031 1
8032 1
8033 1
8034 1
8035 1
8036 1
8037 1
8038 1
8039 1
8040 1
8041 1
8042 0
8043 1
8044 1
8045 1
8046 1
8047 1
8048 0
8049 1
8055 1
24440 1
24439 1
8061 1
4859 1
8066 1
8067 1
24451 2
8074 1
8075 1
8076 1
8077 1
8078 1
8079 1
8081 1
8083 1
8084 1
8085 1
8086 1
8087 1
8089 1
8090 1
8091 1
8092 1
8093 1
8114 1
8121 1
8122 1
8124 1
8126 1
8132 1
8133 1
8136 1
8137 1
8139 1
8140 1
24535 0
24536 0
8162 1
24591 0
8210 0
24599 0
24604 0
8222 0
8226 0
8227 0
8228 0
24612 3
8230 0
8234 0
8235 0
8237 0
8238 0
8239 0
8240 0
8241 0
8256 1
8267 1
8271 1
8272 1
8273 1
8274 0
24657 1
8275 1
8277 0
8279 1
8280 1
8281 0
8282 1
8283 1
8284 1
8285 1
8286 1
24668 0
8302 0
24690 2
8312 0
8315 1
8316 0
8318 1
8320 1
8321 1
8322 1
8325 1
8329 1
8331 1
8332 1
8333 1
8334 1
8343 0
8347 1
8354 0
8358 1
8361 1
8362 1
8364 1
8366 1
8367 1
8368 1
8369 0
8370 0
8371 1
8373 0
8375 1
8377 1
8378 1
8379 1
8380 1
8388 1
8392 1
8400 1
8406 1
8407 1
8410 1
8411 1
8414 1
8415 1
8416 1
8418 1
8420 1
8422 1
8423 1
8425 1
24836 0
24837 0
24844 0
8487 0
8493 0
8502 0
8503 0
8504 0
8510 0
8511 0
8513 0
8515 0
24900 2
8519 0
8520 0
8532 0
24916 1
8533 1
8541 1
8542 0
8546 0
41315 0
24930 0
8549 0
8550 1
8551 1
8552 0
8553 1
8554 0
8555 0
8556 0
8557 0
8558 1
8559 1
8560 0
8561 1
8563 1
8565 0
8566 0
8567 1
8568 1
24960 1
8577 0
8579 1
24964 0
24972 0
8588 1
8591 1
24976 1
8594 1
8595 1
8596 1
41365 0
8597 1
8599 1
8600 1
8598 1
8602 1
8603 1
41368 2
8605 1
8606 1
8601 1
8608 1
8604 1
8610 1
8611 1
8612 1
8613 1
8623 1
8627 1
25016 1
8635 0
25021 0
25022 1
8642 1
25026 0
8644 1
8646 1
8647 1
8648 1
8650 1
8651 1
41421 0
8653 1
8654 1
8655 0
8656 1
8658 1
8659 1
8660 1
8669 1
8672 1
8681 1
25068 1
8688 1
8689 1
8691 1
8693 1
8694 1
25079 0
8696 1
8697 1
8699 1
8700 1
8701 1
8702 1
8704 1
8705 1
8706 1
8735 1
25135 1
8761 0
8763 0
25153 1
41547 0
8779 0
1745 1
41550 1
41552 0
8788 0
8790 0
8793 0
41569 0
41570 0
8804 0
8809 1
8810 1
41591 1
8826 0
8827 1
8828 0
8829 0
8830 0
25212 0
8832 0
8833 0
8834 0
8835 0
8836 1
8837 0
8838 1
8839 0
25220 0
8841 1
8842 0
41617 0
41620 2
8852 1
8854 0
8855 1
8861 0
8869 0
8870 1
8872 1
8873 1
8874 1
8875 1
8877 1
8878 1
8879 1
8880 1
8881 1
8882 1
8883 1
8884 1
8885 0
8886 1
8887 1
8888 0
8898 1
8899 1
8902 0
8906 1
8911 0
8914 1
8915 1
8916 0
8917 1
8918 1
8919 1
8922 1
8923 1
8924 1
8925 1
8927 1
8928 1
8929 1
8930 1
8931 1
8932 1
8933 1
8944 1
8946 1
8948 1
8957 1
8961 1
8963 1
8964 1
8965 1
8968 1
8969 1
8970 1
8971 1
8973 1
8974 1
8975 1
8977 1
8978 1
8979 1
25373 0
25377 0
41768 0
25388 1
25413 1
41809 0
25427 0
41812 1
41820 0
9067 0
9069 0
9070 0
9071 0
9073 0
9074 0
9075 0
9076 0
9077 0
9079 0
9080 0
9081 0
9082 0
9083 0
9085 0
9100 0
9104 0
9112 0
25499 0
9116 1
25501 0
9118 1
9119 1
9120 1
9122 1
9123 1
9124 1
9125 1
9126 1
9127 0
9128 1
9129 1
9130 1
9131 1
9132 1
9133 0
9134 1
41911 3
9147 1
9151 1
25536 1
9159 1
9162 0
9163 1
9165 1
9166 1
9167 1
9169 1
9170 1
9171 1
9172 1
9173 1
9174 1
9175 1
9176 1
9177 1
9178 1
25562 1
9180 1
9181 1
25570 1
25577 3
9210 1
25594 1
9213 1
9214 1
9215 1
9218 1
9220 1
9221 1
9223 1
9224 1
9225 1
9226 1
9228 1
9229 1
9257 1
9260 1
9261 1
9262 1
9265 1
9267 1
9270 1
9273 1
9289 1
9342 0
42113 1
9350 0
9351 0
9352 0
9354 0
9355 0
9358 0
9362 0
25749 0
9366 0
9367 0
9368 0
25750 0
9390 1
9398 1
9399 1
9400 1
9401 0
9402 1
9403 1
9404 0
9405 0
9406 1
9408 0
9409 0
9410 1
9411 0
9414 1
9415 1
9416 1
9417 0
25818 0
9439 0
9447 1
9448 1
9450 1
9451 1
9452 1
9453 1
9454 1
9456 1
9457 1
9458 1
9459 1
9460 0
9461 0
9462 1
9464 1
9465 1
9487 1
25873 0
9495 1
9496 1
42265 0
9498 0
9499 1
9500 1
42268 1
9501 1
42271 0
9502 1
42274 1
42275 1
9508 1
9509 1
9510 1
9506 1
9512 1
9513 1
9507 1
25893 1
25917 1
9534 1
25918 1
9542 1
9543 1
9544 1
9546 1
9547 1
9555 1
9556 1
9557 1
9559 1
9560 1
42387 0
9621 0
42390 1
9625 0
9629 0
9637 0
9638 0
9641 0
9642 0
9643 0
9644 0
9647 0
9650 0
9651 0
9652 0
26038 0
9655 0
26039 0
26041 0
9667 1
42437 0
9670 0
9672 1
42440 1
9676 1
9677 0
9681 0
9685 1
9686 1
9687 0
9688 0
9689 1
9690 1
9691 1
9692 1
9693 0
9695 1
9696 0
9698 1
9699 1
9700 1
9701 0
9702 0
9703 1
9714 1
9715 0
9717 1
26102 1
9719 1
9724 1
9727 1
9730 0
9731 1
9732 1
9733 1
9734 1
9735 1
9736 1
9737 1
9738 1
9739 1
9741 1
9742 1
9743 0
9744 1
9745 1
9746 1
9747 1
9748 1
9749 1
26140 0
26141 0
9763 1
9766 1
9770 1
9773 1
9776 1
9777 1
9778 1
9779 1
9780 1
9781 1
9782 1
9784 1
9785 1
9788 1
9789 1
9790 1
9791 1
9793 1
9794 1
9795 1
9816 1
9824 1
9825 1
9826 1
9827 1
9828 1
9829 1
11722 1
9832 1
9835 1
9836 1
9838 1
9840 1
9841 1
9842 1
9909 0
9911 0
9913 0
9916 0
9917 0
9920 0
9922 0
9923 0
9924 0
26311 0
26312 0
9940 0
9944 0
9947 0
9950 0
9953 0
9954 1
9955 0
9956 1
9957 0
9958 1
9959 0
9961 1
9962 1
9965 1
9966 0
9967 1
9968 1
9969 1
9970 0
9971 0
9972 0
9987 1
9990 1
9995 1
9998 1
10001 1
10002 1
10003 1
10004 1
10005 1
10006 1
10007 1
10008 0
10009 1
10010 1
10011 0
10013 1
10014 1
10015 1
10016 1
10017 1
10018 1
10019 1
10020 1
10032 0
10036 1
10044 1
10047 1
10048 1
10049 1
10050 1
10051 1
10052 1
10053 1
10054 1
10056 1
10057 1
10059 1
10061 1
10062 1
10064 1
10065 1
10066 1
10078 1
10092 1
10093 1
10094 1
10096 1
10100 1
10105 1
10106 1
10109 1
10110 1
28064 4
26526 0
10165 0
10168 0
10181 0
10182 0
10183 0
10184 0
10185 0
10186 0
10187 0
26565 0
26566 0
10193 0
10194 0
10195 0
10196 0
10198 0
10212 1
10215 1
10225 0
10228 0
10229 1
10230 1
10231 1
10232 1
10233 1
10234 1
10235 1
10238 0
10239 0
10241 1
10242 1
10243 1
10244 1
10245 0
10246 1
10263 1
10273 1
10276 1
10277 1
10278 1
10279 1
10280 1
10281 1
10282 1
10283 1
10285 0
10286 1
10287 1
10289 1
10290 1
10291 1
10292 1
10293 1
10294 1
10306 0
26692 0
10314 0
26700 0
10317 0
10320 1
10321 1
10325 1
10326 1
10327 1
10329 1
10330 1
10331 1
10332 0
10333 1
10334 1
10335 1
10336 1
10337 1
10356 1
10365 1
10369 1
10372 1
10373 1
10377 1
10378 1
10379 1
10381 1
10382 1
10383 1
10384 1
10385 1
10386 1
10387 1
10389 1
26778 1
10407 1
26814 0
10455 0
10461 0
10468 0
10469 0
10470 0
10471 0
10472 0
10474 0
10476 0
10477 0
10478 0
10480 0
10481 0
10482 0
10483 0
10485 0
10487 0
26875 0
10503 1
10505 0
10508 1
10515 1
10516 1
10517 1
10518 1
10519 1
10520 0
10521 1
10523 1
10524 1
10525 1
10527 1
10528 1
10529 1
10530 1
10532 1
10533 0
10534 1
10547 0
10550 1
10552 1
26937 0
10561 0
10564 1
10565 1
10567 1
10569 1
10570 1
26953 1
10572 1
10573 1
10574 1
10576 1
10577 1
10578 1
10579 1
10580 0
10581 1
10582 1
10583 1
10589 0
43359 0
10593 1
43362 2
43363 0
43364 0
43365 0
43366 0
10598 1
43368 1
10602 0
44441 2
43372 0
43373 0
10605 1
44442 2
43376 2
10609 0
10610 1
10608 1
10612 1
10613 1
10614 1
43383 0
10616 1
10617 1
43386 1
43387 0
10618 1
10619 0
10621 1
10622 1
10623 1
10624 1
10625 1
43395 0
43396 0
43397 0
10626 1
43399 0
10627 1
43400 5
43402 2
43403 0
10635 1
43405 0
10637 1
43407 0
43408 0
43406 2
43413 0
43414 0
43415 0
10645 1
43418 1
10653 1
10654 1
10657 1
43427 0
10660 1
43430 1
10662 1
10663 1
10665 1
10666 1
43435 0
43436 0
10667 1
10668 1
10669 1
43438 1
43441 0
10670 1
43443 0
43444 2
43446 1
43447 2
43448 2
43455 0
43457 0
43458 1
43459 0
43460 1
43462 1
43467 2
43470 3
43477 0
43480 1
43490 0
43491 1
10725 0
43494 1
43495 3
10730 0
43499 0
43502 1
43505 0
43506 0
10738 0
43508 0
43509 3
43510 3
10739 0
10740 0
10741 0
43514 0
10743 0
10744 0
10747 0
10749 0
10751 0
27129 0
10753 0
10754 0
27130 0
10756 0
43529 0
43532 1
43539 0
10772 1
10774 0
43542 1
43545 0
43546 0
10778 1
43549 0
43550 0
10785 1
10786 1
43555 0
10787 1
10788 0
43558 2
43559 0
43560 0
10789 1
43562 1
43563 0
10790 1
10791 1
43566 4
43567 1
43568 2
10793 0
10794 1
43571 0
10795 0
43573 0
10798 1
10799 0
43576 1
43577 0
43578 0
10802 0
10803 1
43581 0
43574 4
43583 0
43584 6
43585 0
43586 2
43587 2
43588 2
10819 1
10821 1
10829 0
43599 0
43600 0
10833 1
10834 1
43603 0
43604 0
10835 1
10836 1
10838 1
10839 0
10840 1
10841 1
10842 1
10843 1
43613 0
10846 1
10847 1
10848 1
10849 1
10850 1
43619 0
10845 1
43622 1
43627 0
43628 0
10860 0
27244 4
43630 2
10864 1
43633 0
43634 0
43635 0
43636 0
43637 0
10870 0
43639 0
43640 3
10866 1
43642 1
10873 1
27259 1
10877 1
10878 1
10879 1
10880 1
44496 3
43650 0
10882 1
10883 1
10884 1
10885 1
10886 1
10887 1
43655 0
43656 0
10891 1
10892 1
10890 1
10894 1
10893 1
43665 1
43666 4
43669 0
43672 5
43673 0
10906 1
43674 1
43683 0
27300 0
10918 1
43687 1
43686 2
43690 2
43691 0
43693 0
43694 1
10926 1
10927 1
43697 0
43696 6
10931 1
10932 1
10933 1
10934 1
43703 0
43704 0
10935 1
10936 1
43700 2
10940 1
43709 0
43710 0
10941 1
10943 1
43713 0
43714 0
43716 1
43725 0
43728 1
43729 2
43730 2
43741 2
43744 2
43745 0
27361 0
43748 9
43749 1
43752 2
43753 0
43755 2
43756 4
43757 2
43758 2
27376 0
27377 0
27378 0
43763 1
43766 2
43767 1
27387 1
43773 0
43776 7
43777 6
43778 4
43779 2
43783 2
43784 1
43785 1
11018 0
43786 2
43788 3
43789 0
11021 0
11022 0
11023 0
11024 0
11026 0
11027 0
11028 0
11029 0
43792 3
11031 0
11032 0
11033 0
43793 1
11035 0
11036 0
27413 1
43805 2
43811 4
43812 4
43817 3
43818 3
43819 0
11051 0
11052 0
43822 2
11056 0
11057 0
43827 1
43829 1
11061 0
43830 2
11064 0
43832 4
11066 1
11067 1
11068 0
11069 1
11070 1
11071 1
11072 0
11073 1
11074 1
11075 1
11076 1
11077 0
43843 2
43847 0
11079 1
11081 0
11080 1
43851 0
11082 1
11083 1
43854 1
11078 1
43850 1
43859 0
43862 2
11096 1
11097 1
11100 0
11102 1
11103 1
43875 0
11107 1
11110 1
43879 0
11112 1
43881 3
11113 1
43878 7
43882 2
43885 0
11117 1
11118 1
11114 1
11121 1
11122 1
11123 1
43884 4
11125 1
11126 1
43888 2
11128 1
11129 1
43897 1
11127 1
43907 1
43908 1
11141 0
11143 1
43913 0
11146 1
43916 3
43917 0
11150 1
43920 5
11154 0
27538 0
11157 1
11158 0
43927 2
11159 1
11160 1
27546 0
43931 0
11163 0
43933 1
11164 1
11165 1
11167 0
11168 1
43930 2
43939 1
43934 3
43936 2
43937 2
11175 1
11176 1
43945 0
43938 2
43947 0
43942 5
43943 5
43944 2
43948 2
43950 5
43955 6
43956 2
43957 2
43958 2
11187 1
43960 3
43961 3
11188 1
43964 2
11199 1
11202 1
11203 1
11204 1
11206 1
43975 0
27591 1
11208 1
11209 1
43978 3
11210 1
11212 1
43981 5
43982 5
11213 1
11220 1
43989 3
43990 2
11221 1
43992 1
43995 3
43996 3
44000 2
44003 1
44005 6
44006 1
44008 2
44009 0
44012 3
44013 3
44014 4
44015 1
44016 2
44018 4
44023 0
44026 2
44031 0
44034 3
11270 0
41318 1
44043 4
44046 4
44049 2
44050 2
44052 4
11285 0
11286 0
11287 0
44054 1
11289 0
11290 0
44057 4
11292 0
11293 0
11294 0
44058 1
44061 2
44065 2
44066 2
44069 6
11302 0
11303 0
44070 6
44073 2
44074 2
44081 5
11315 1
44084 2
11318 0
44087 0
44090 2
44091 4
44092 4
44094 3
44095 3
11328 0
11329 1
44096 3
11331 1
44097 2
11333 1
11334 1
11335 0
11336 1
11337 1
11338 1
44107 0
44105 2
11341 0
44106 2
44110 2
11345 0
11346 1
11347 1
11361 1
11364 1
11370 0
11377 1
11378 1
11380 1
11382 1
11383 1
11384 1
11385 1
11386 1
11387 1
11390 1
11393 0
11394 1
11395 1
11396 1
27788 0
11408 1
11417 1
11420 0
27805 0
11426 1
11428 1
11429 1
11432 1
11433 1
11435 0
11436 1
11437 0
11438 0
11439 1
11441 1
11442 1
27825 1
11455 1
11469 1
11477 1
11478 1
11481 1
27865 1
27866 1
11484 1
11486 1
11487 1
11488 1
11490 1
11491 1
11505 4
44622 2
11578 0
11579 0
11582 0
27968 0
11589 0
11606 0
27993 0
27994 0
11618 0
11619 0
28002 1
11622 1
11623 1
11625 0
11626 1
11630 0
11632 0
11633 1
11634 0
11635 0
11636 0
11649 0
11651 0
11653 1
44098 2
44431 1
44432 1
11665 1
44433 0
44434 0
11664 0
11666 1
11669 1
11670 1
11672 1
11671 0
11674 0
28058 0
28059 0
44445 0
44446 0
11673 1
11677 1
44449 3
11679 1
44451 1
44452 2
11680 1
11682 1
11683 1
44448 2
11681 1
11695 0
44463 3
44464 3
11699 1
11701 1
44471 1
44472 1
44473 3
44474 3
11703 1
44476 2
44477 0
44480 5
11715 1
11716 1
11717 1
28101 0
44487 1
11720 1
11721 1
28105 0
11723 1
11724 1
44493 0
11725 1
28106 0
11728 1
44490 2
44498 0
11731 1
44499 0
11733 1
44501 3
44503 2
44504 2
44502 4
11730 1
44506 3
11734 1
44509 0
44511 1
11743 1
28127 2
44514 0
44512 4
44516 2
11762 1
44531 1
44532 1
11763 1
11767 1
44536 0
11769 1
11770 1
44539 3
11771 1
44542 2
44543 0
11774 1
11777 1
11779 1
28164 1
44553 1
44554 1
28195 2
44581 0
44582 0
44587 4
44590 2
44591 0
44592 0
44595 0
44596 0
44603 1
44606 3
44615 0
44616 0
44618 5
44619 1
11854 0
11855 0
11856 0
44625 1
11858 0
44626 1
11860 0
44629 0
11862 0
11863 0
11857 0
11865 0
44633 0
11867 0
44636 5
44628 3
11871 0
11882 0
11886 0
28277 0
11901 1
11902 1
11903 1
11904 1
11905 1
11907 1
11909 1
11910 1
11912 1
11914 1
11916 0
11918 1
28309 0
28310 0
11930 1
11932 1
11935 0
28321 1
11946 1
11948 1
11949 1
11950 1
11952 1
11954 1
11955 1
11956 0
11957 1
11959 1
11961 1
11963 1
11973 1
11979 1
28363 0
28370 2
11988 0
11991 1
11993 1
11994 1
11995 1
11997 1
11999 1
12000 1
12001 1
12002 1
12004 1
12006 1
12007 0
12008 1
12009 0
12026 1
12033 1
12036 1
12038 1
12039 1
28424 1
12042 1
12044 1
12045 1
12046 1
12047 1
12049 1
12051 1
12052 1
12053 1
12054 1
12104 0
12110 0
12114 0
12117 0
12118 0
12119 0
12120 0
12121 0
12123 0
12126 0
12127 0
12128 0
12130 0
12131 0
12132 0
12133 0
12134 0
28519 0
12136 0
28521 0
12147 0
12150 1
28537 0
12157 1
12160 1
12163 1
12164 1
12165 1
12166 1
12167 1
12168 0
12169 1
12172 1
12173 1
12174 1
12176 1
12177 1
12178 1
12179 1
12180 1
12182 1
12194 1
12197 1
28584 0
28586 0
12207 1
12210 1
12211 1
28595 1
12213 1
12214 1
12215 1
12216 1
12219 1
12220 1
12223 1
12224 1
12226 1
12229 1
12242 1
12255 1
12256 1
12258 1
12261 1
12264 1
12267 0
12268 1
12269 1
28656 1
12274 1
28670 1
28676 1
12311 1
12312 1
12313 1
12318 1
28741 0
12364 0
12383 0
12386 0
12388 0
12390 0
12394 0
12396 0
12398 0
12399 0
12400 0
12409 1
12419 0
12424 0
12428 1
12430 0
12432 1
12433 0
12434 1
12436 1
12440 1
12441 0
12442 1
12444 1
12445 1
12446 1
28830 0
28831 0
12461 1
12466 1
12469 0
12470 0
12471 1
12472 0
12473 1
12475 1
12476 1
12478 1
12482 1
12483 1
12484 1
12485 0
12486 1
12488 1
12506 1
12511 1
12514 1
12515 1
12516 1
12517 1
12518 1
12525 0
12527 1
12528 1
12529 1
12530 1
12531 1
12533 1
28926 0
28940 0
12559 1
12562 1
12563 1
12570 1
12575 1
28964 0
12635 0
29019 0
29029 0
12655 0
12662 0
12663 0
41594 1
12666 0
12667 0
29055 0
29056 0
12680 0
12681 1
12691 0
45460 0
12694 0
12696 0
12697 0
12698 0
12699 0
12701 1
12702 0
29091 0
12707 0
12709 1
12710 0
12711 0
12712 1
12713 1
12708 1
12723 0
29109 0
29110 0
12726 1
12727 1
12739 1
12742 1
12744 1
12745 1
29130 0
12746 1
12747 1
12749 1
12750 1
29135 0
29136 0
12753 0
12755 1
12757 1
12758 1
12759 1
12760 1
12761 1
12769 1
29156 0
29157 0
29158 0
29161 0
12786 0
12789 1
12792 1
12793 1
12794 1
12795 0
12796 1
29183 0
29184 0
12800 1
29186 1
29187 0
29188 0
12803 0
12804 1
12805 1
12806 1
12807 1
12808 1
29197 0
29200 1
29201 0
29204 1
29209 0
29212 1
12832 1
12838 1
29224 0
12840 1
12841 1
12849 1
12850 1
12851 1
12852 1
12853 1
12854 1
29247 0
29249 0
29250 1
29252 1
29263 0
29264 0
29266 1
29267 0
29270 1
29275 0
29278 2
29279 0
29282 1
29287 0
12911 0
12914 0
12916 0
29305 0
29308 1
12926 0
12928 0
29313 0
12929 0
12930 0
29326 0
29327 0
29328 0
12955 1
12956 0
29341 0
29342 0
12958 1
12960 1
29345 0
12968 0
12970 1
12971 0
12972 1
12973 1
12974 1
29366 0
29367 0
29371 0
29372 0
29383 0
29384 0
13002 1
13003 1
13006 1
13007 1
13010 0
13012 0
13015 1
13017 1
13018 1
13020 1
29405 0
13021 1
29408 1
45799 0
29418 0
29421 0
29424 1
13044 0
13049 0
13052 1
13053 1
13056 1
13057 1
13060 1
13061 0
13062 1
13065 1
13066 0
13067 1
13068 1
29453 0
13070 1
29455 0
45845 0
45846 0
29470 0
13093 1
13096 1
29482 0
13099 1
13100 1
13103 1
13104 1
45875 0
13108 1
13109 1
13112 1
13113 1
13114 1
45883 0
13115 1
13117 1
45886 1
29510 0
29511 0
29513 0
29515 0
29516 1
29525 0
29538 0
29541 0
13161 0
13163 0
13165 0
13168 0
13172 0
29557 0
13175 0
13176 0
13177 0
13178 0
13179 0
13180 0
29560 1
13182 0
13183 0
13184 0
29569 0
13187 0
13188 0
13189 0
13190 0
13192 0
29577 0
29578 0
13193 0
13208 1
13209 1
13212 1
29599 0
13216 1
29602 1
13220 1
13223 1
13224 1
13225 1
13226 1
13227 1
13228 1
13229 0
13230 1
13231 1
13232 1
13235 1
13236 1
13237 1
13238 1
13240 1
29625 0
13241 1
29628 1
13264 0
13268 1
29654 0
13271 1
13272 1
13273 1
13274 1
13275 1
13276 1
13277 1
13278 1
29663 0
13279 1
13282 0
29666 1
13284 1
13285 1
13288 1
13289 1
29679 0
29682 1
29683 0
13307 0
29692 1
13308 1
13315 1
46084 1
13316 1
13318 1
13319 1
13320 1
13321 1
13322 1
13324 0
13325 0
13326 1
13328 1
13329 1
13330 0
29715 0
13332 1
13333 1
29718 3
46121 0
13353 1
13354 1
46124 3
13361 1
13362 1
13364 1
13365 1
13366 1
13367 1
29752 1
13368 1
13370 1
13371 1
13372 1
13374 1
13375 1
13376 1
13379 1
29765 0
29768 3
46156 1
46159 1
29776 0
29785 0
29786 0
29794 1
29807 0
13424 0
29809 0
29810 2
29812 3
46197 0
13429 0
46200 4
13432 0
13433 0
13435 0
29820 0
13437 0
13438 0
13439 0
29816 1
13441 0
13442 0
13444 0
13445 0
13446 0
13447 0
13451 0
29835 1
29837 0
29836 2
29840 3
13462 0
29847 1
29848 1
29855 0
13473 1
29858 1
13474 0
29860 0
13477 1
13480 1
13481 0
13482 1
13483 1
29869 0
13485 1
13486 1
29872 2
29873 0
13487 1
13488 0
13489 1
13490 1
13492 1
13494 1
13495 1
29876 1
13493 1
13499 1
13507 1
29893 0
29896 1
46287 4
29903 0
29905 1
13520 1
29906 3
29908 1
46292 2
13524 1
13527 1
13528 1
13529 1
46298 2
13530 1
13532 1
13533 1
13534 1
13535 1
13536 1
13537 1
13538 0
13539 1
13541 1
13542 1
29930 1
29952 1
13571 1
13574 1
29959 0
13576 1
29961 0
29962 2
13578 1
29964 3
13580 1
13581 1
13579 1
13582 1
13586 1
29973 0
29976 3
29980 1
29995 0
29996 0
30004 2
13620 1
13624 1
13625 1
30013 0
13629 1
13630 1
30016 2
13635 1
30024 0
30037 1
46421 2
30040 2
30045 0
30048 2
13678 0
13683 0
13688 0
13691 0
13692 0
13693 0
13694 0
13696 0
13697 0
13698 0
13699 0
13700 0
13701 0
13702 0
13703 0
30082 1
30089 0
13705 0
30091 0
30092 1
13706 0
13710 0
30101 0
30102 1
30104 1
13723 1
13728 1
13729 0
13733 1
13736 1
30121 0
13737 1
13738 1
13739 0
13740 1
30126 1
13741 1
30128 1
13742 1
13743 1
13744 1
13745 1
13746 1
13747 1
13748 1
13751 1
13752 0
13754 0
13755 1
30138 1
13750 1
30143 0
30146 2
30150 1
13770 0
13772 1
46543 1
46544 1
13777 1
13778 1
13785 1
13786 1
13787 1
13788 1
30173 1
13790 1
13789 1
13792 1
13791 1
13794 1
13795 1
13793 1
13797 1
30182 0
13796 1
13800 1
13801 1
13802 0
13803 1
13804 1
30201 1
13817 1
13820 0
30204 2
13832 1
13833 1
13834 1
13835 1
30220 0
13837 1
13839 1
13841 1
13842 1
13844 1
13846 0
13847 1
13849 1
13850 1
13851 1
30243 0
30246 2
13867 1
30253 1
30254 1
13878 1
13879 1
13880 1
13881 1
30266 1
13883 1
30270 1
13887 1
46656 2
30273 0
13888 1
13890 1
30276 2
13892 1
13893 1
13897 1
30295 2
30305 0
30308 3
30315 0
30318 1
13944 0
30337 0
30340 1
30355 0
30358 1
13981 1
30389 0
30392 1
14013 3
46791 1
46792 1
30457 0
30459 0
30460 1
30462 1
30483 0
30486 1
14123 0
30511 0
30513 0
30514 1
30516 1
14147 1
30605 0
30608 1
30617 0
30620 1
30643 0
30645 0
30648 1
30653 0
30656 1
30665 0
30667 0
30668 1
30670 1
30675 0
30678 1
30695 0
30698 1
30707 0
30710 1
30721 0
30724 1
30731 0
30734 1
30745 0
30748 1
30766 1
30855 0
30858 1
30883 1
30891 1
30900 0
30906 0
30912 0
30937 2
30940 1
30992 1
30993 1
30996 1
31069 0
31072 2
31127 1
31129 0
31132 2
31151 0
31153 1
31154 2
31161 0
31164 1
14790 0
31175 1
14791 0
31178 1
14799 0
31199 2
14818 1
14833 0
14836 0
14837 0
14851 1
14860 1
14878 0
14950 0
14951 0
31357 0
31360 2
14984 0
31403 1
31405 1
31406 1
31413 0
31416 2
15056 0
15057 0
15091 0
15122 1
31510 0
31511 0
31514 1
31520 0
31521 0
31523 0
31525 0
31526 1
31527 0
31528 1
15143 2
31531 0
31533 0
31534 1
31536 3
31539 0
31542 4
31543 0
31544 0
31547 0
31548 0
31549 0
31550 1
31552 4
31556 0
31557 0
31558 0
31559 0
31560 1
31562 1
31569 0
31573 0
31575 0
31576 0
31581 0
31583 0
31584 1
31585 0
31586 0
31588 0
15210 0
31595 0
31596 0
31597 0
31598 0
31599 0
31602 1
15221 0
15222 0
31605 0
31607 0
31609 0
31610 4
31611 0
31612 1
31617 0
31619 0
31624 0
31629 0
31630 0
31631 0
31632 1
31633 0
31634 1
31635 0
31636 1
31638 1
31642 0
31644 0
31645 0
31646 0
31647 0
31648 3
31649 0
31650 3
15260 1
31652 1
31653 0
31656 2
31657 0
31658 0
31659 0
31661 0
31662 2
31663 0
31664 1
31667 0
31669 0
31670 2
31671 0
31672 3
31673 0
31674 1
31676 2
31680 0
31681 0
31683 0
31685 0
31686 2
31687 0
31690 4
31691 0
31694 1
31695 0
31698 2
31699 0
31700 0
31705 0
31707 0
31708 4
31710 1
31713 1
31723 0
31726 1
35614 4
31731 0
31733 0
31734 0
31737 0
31738 0
31741 0
31744 3
31747 0
31748 0
31750 3
31754 0
31756 0
31757 0
31758 0
31759 0
31760 1
31761 0
31762 4
15380 2
31765 0
31764 1
31768 1
31771 0
31773 0
31774 2
31776 2
31783 0
31784 0
31785 0
31787 0
31788 0
31791 0
31794 2
31795 0
31798 1
31803 0
31805 0
31807 0
31808 1
31809 0
31810 1
31811 0
31812 0
31815 0
31817 0
31818 1
31819 0
31820 0
31823 0
31824 0
31827 0
31828 0
31829 0
31831 0
31833 0
31834 0
31841 0
31842 0
31843 0
31847 0
31849 0
31852 1
31853 0
31854 0
31855 0
31861 0
31864 2
31865 0
31867 0
31869 0
31870 4
31871 0
31872 2
31873 0
31877 0
31878 0
31879 0
31882 3
31883 0
31886 1
31889 0
31891 0
31892 3
31893 0
31895 0
31896 2
31898 4
31901 0
31903 0
31904 0
31905 0
31906 0
31907 0
31909 0
31911 0
31912 3
31914 3
31915 0
31917 0
31918 2
31920 0
31921 0
31923 0
31924 1
31926 1
31927 0
31929 0
31931 0
31932 1
31934 1
31940 0
31941 0
31943 0
31944 3
31945 0
31946 0
31953 0
31954 0
31956 2
31957 0
31958 0
31959 0
31960 1
31962 3
31965 0
31966 0
31967 0
31969 0
31970 1
31971 0
31972 4
31974 1
31977 0
31978 0
31979 0
31980 0
31981 0
31982 1
31983 0
31986 1
15605 0
31989 0
31991 0
31992 0
31993 0
31994 0
31995 0
31996 0
31998 1
32001 0
32003 0
32005 0
32006 1
32007 0
32010 0
32011 0
32013 0
32019 0
32023 0
32025 0
32026 3
32028 1
32029 0
32031 0
32032 1
32035 0
32037 0
32038 1
32039 0
32040 1
32041 0
32042 1
32044 1
32049 0
32050 0
32051 0
32052 0
32053 0
32054 1
15668 1
32056 2
15673 0
32059 0
32062 4
32063 0
32065 0
32068 2
32075 0
32076 0
32077 0
32078 2
32084 0
32085 0
32086 0
32087 0
32088 0
32089 0
32092 3
32093 0
32094 0
32095 0
32097 0
32098 1
32099 0
32100 2
32102 1
32103 0
32105 0
32106 3
32107 0
32108 2
32109 0
32112 1
32115 0
32117 0
32118 3
32121 0
32124 1
32125 0
32128 3
32139 0
32140 0
32157 0
32160 3
32161 1
32168 4
32169 1
32171 2
32172 3
32175 1
32176 1
32177 3
32178 4
15795 0
32183 4
32185 0
32188 5
32193 4
32194 4
32197 0
32200 2
32201 3
32202 3
32203 1
32204 1
32206 2
32214 1
32217 0
32218 1
32220 5
32223 1
15840 0
15841 0
32224 2
15846 1
32233 0
32236 4
32246 4
32247 1
32248 1
32249 2
32250 3
32252 4
32258 1
32260 4
32261 0
32264 2
32267 0
32270 2
32271 4
32275 0
32278 2
32279 0
32282 2
32283 0
32285 3
32286 1
32287 1
32288 2
32289 1
32290 3
32293 0
32295 0
32296 5
32297 2
32298 4
32299 1
32300 2
32302 2
15923 5
32307 4
32308 4
32311 3
32314 2
32315 0
32317 0
32318 2
32319 0
15936 0
32320 5
32321 3
32322 4
32325 4
32327 0
32329 1
32330 1
32332 2
32334 4
32335 0
32338 5
32343 4
32346 2
32359 0
32362 1
32367 0
32368 1
32369 0
32370 6
32372 8
32375 0
32377 0
32378 1
32379 0
32380 1
32381 0
32382 1
32383 2
32384 2
32386 1
32387 0
32389 0
32390 2
32391 0
32392 2
32393 1
32394 2
32395 3
32397 2
32398 1
32401 1
32402 2
32404 1
32407 2
32408 3
32410 1
32415 0
32417 0
32418 3
32419 0
32420 3
32422 4
32425 2
32428 1
32429 1
32430 1
32431 0
32434 1
32437 0
32438 2
32439 0
32440 2
32441 4
32442 5
32443 0
32444 3
32446 4
32449 2
32450 2
32451 0
32454 6
32455 0
32458 5
32459 0
32462 1
32464 2
32465 0
32468 5
32469 0
32472 1
32474 1
16091 0
32478 1
32479 1
32480 1
32481 0
32484 1
16103 0
32491 2
32497 2
32499 3
32500 2
32501 1
32502 1
32504 2
32505 0
32508 2
32509 3
32510 4
32512 2
32513 2
32514 1
32516 1
32519 3
32520 3
32522 1
32525 4
32526 2
32527 1
32531 0
32532 1
32533 0
32534 3
32536 5
32537 3
32538 3
32539 3
32540 4
16165 5
32549 1
32551 3
32556 4
32557 2
32558 4
32559 2
32560 4
32567 2
32568 3
32570 2
32575 0
32577 2
32578 6
32579 0
32581 1
32582 4
32583 3
32584 1
32589 0
32591 3
32592 4
32593 1
32595 3
32596 2
32597 0
32599 0
32600 5
32602 3
32604 3
32606 1
32611 0
32612 1
32613 0
32614 6
32615 0
32616 3
32618 2
32623 0
19510 0
32624 1
32626 5
32627 0
32628 2
32630 1
32633 2
32636 2
32637 0
32640 1
32642 1
32643 3
32649 1
32652 1
32653 0
32655 2
32656 2
32657 0
32658 1
32659 1
32660 5
32661 1
32662 1
32667 0
32669 0
32670 1
32672 2
32673 1
32676 2
32679 3
32682 2
32685 1
32686 1
16304 0
32691 0
32693 0
32694 2
32696 3
32697 0
32699 0
32700 2
32701 0
32702 2
32704 6
32705 2
32706 4
32707 0
32709 0
32710 2
32711 1
32712 5
32713 2
32714 1
32715 1
32716 2
32719 4
32721 2
32722 3
16340 1
16341 1
32724 1
32726 1
32729 3
32732 4
32735 3
32738 2
32739 3
32740 3
16365 0
16366 0
32749 0
32752 4
16370 0
16371 0
16374 0
