0 5.5
1 5.0
2 3.4
3 4.4
4 5.0
5 0
6 2.5
7 4.4
8 2.6666666666666665
9 4.75
10 3.1666666666666665
11 5.0
12 0
13 5.0
14 3.5
15 3.6
16 3.5714285714285716
17 3.8
18 3.5
19 0
20 2.3333333333333335
21 3.5714285714285716
22 3.5
23 3.75
24 2.857142857142857
25 3.2
26 2.0
27 3.0
28 3.5555555555555554
29 4.777777777777778
30 3.5833333333333335
31 4.8
32 3.6666666666666665
33 0
34 3.625
35 4.333333333333333
36 3.2142857142857144
37 3.764705882352941
38 3.9375
39 3.0
40 3.0
41 4.333333333333333
42 3.933333333333333
43 4.0
44 3.7333333333333334
45 3.357142857142857
46 3.8
47 0
48 3.4444444444444446
49 3.6153846153846154
50 3.8
51 4.181818181818182
52 3.5384615384615383
53 3.090909090909091
54 4.0
55 4.875
56 3.8421052631578947
57 3.526315789473684
58 3.411764705882353
59 3.9
60 4.333333333333333
61 3.0
62 5.2
63 3.7058823529411766
64 3.888888888888889
65 4.125
66 4.5
67 3.1666666666666665
68 3.5
69 3.625
70 3.5714285714285716
71 3.8461538461538463
72 3.5384615384615383
73 3.875
74 2.875
75 2.0
76 4.0
77 3.5
78 3.6363636363636362
79 4.833333333333333
80 4.8
81 3.625
82 0
83 4.666666666666667
84 4.0
85 3.4375
86 3.625
87 3.0
88 3.6666666666666665
89 2.5
90 3.4285714285714284
91 3.8
92 4.416666666666667
93 3.727272727272727
94 3.8461538461538463
95 4.6
96 0
97 3.5714285714285716
98 4.615384615384615
99 4.153846153846154
100 3.7222222222222223
101 3.5384615384615383
102 2.75
103 5.0
104 3.6363636363636362
105 3.95
106 3.4444444444444446
107 3.9166666666666665
108 3.466666666666667
109 2.75
110 4.0
111 2.727272727272727
112 4.117647058823529
113 3.4444444444444446
114 4.625
115 2.9285714285714284
116 3.6666666666666665
117 2.0
118 3.5
119 3.090909090909091
120 3.4545454545454546
121 3.6875
122 3.7333333333333334
123 4.4
124 3.0
125 3.3636363636363638
126 4.0
127 4.0588235294117645
128 4.125
129 3.5833333333333335
130 4.0
131 0
132 3.3
133 3.9375
134 4.0625
135 4.0
136 4.111111111111111
137 3.888888888888889
138 2.0
139 3.4545454545454546
140 3.6153846153846154
141 3.590909090909091
142 3.1666666666666665
143 3.857142857142857
144 2.888888888888889
145 2.0
146 3.4444444444444446
147 4.0
148 3.4285714285714284
149 3.5
150 4.2
151 3.25
152 2.0
153 4.0
154 3.45
155 4.583333333333333
156 3.5384615384615383
157 4.6
158 3.6
159 2.6666666666666665
160 4.076923076923077
161 3.7857142857142856
162 3.533333333333333
163 4.666666666666667
164 4.333333333333333
165 3.6666666666666665
166 3.0
167 5.857142857142857
168 4.0
169 3.1363636363636362
170 3.909090909090909
171 2.6363636363636362
172 3.0
173 2.0
174 2.9
175 3.25
176 3.6153846153846154
177 3.5454545454545454
178 3.4545454545454546
179 3.2857142857142856
180 2.0
181 3.1666666666666665
182 4.076923076923077
183 3.588235294117647
184 5.0
185 3.411764705882353
186 4.333333333333333
187 3.0
188 4.75
189 4.117647058823529
190 3.8461538461538463
191 3.8
192 4.090909090909091
193 3.3333333333333335
194 0
195 3.0
196 3.533333333333333
197 3.8
198 3.5294117647058822
199 3.3333333333333335
200 4.5
201 2.0
202 3.75
203 3.375
204 3.9166666666666665
205 4.181818181818182
206 4.416666666666667
207 3.8
208 3.0
209 3.4
210 3.230769230769231
211 3.7142857142857144
212 3.6875
213 3.888888888888889
214 5.166666666666667
215 2.0
216 3.3636363636363638
217 3.875
218 3.357142857142857
219 3.411764705882353
220 4.0
221 3.625
222 2.0
223 4.2
224 4.0
225 3.857142857142857
226 3.533333333333333
227 3.3125
228 3.0
229 0
230 3.727272727272727
231 3.8333333333333335
232 3.1176470588235294
233 3.5
234 3.0625
235 3.6666666666666665
236 3.0
237 3.4285714285714284
238 3.533333333333333
239 3.4444444444444446
240 4.0
241 3.909090909090909
242 3.0
243 5.0
244 3.5
245 3.9166666666666665
246 4.333333333333333
247 3.6666666666666665
248 4.0
249 4.0
250 2.0
251 3.3
252 3.5
253 3.4375
254 3.4375
255 4.2
256 4.333333333333333
257 3.0
258 3.230769230769231
259 3.0
260 3.9444444444444446
261 4.1
262 3.4285714285714284
263 3.25
264 2.5
265 3.4285714285714284
266 3.8125
267 4.3
268 3.7333333333333334
269 3.727272727272727
270 3.25
271 5.0
272 3.8181818181818183
273 4.2
274 4.0
275 4.470588235294118
276 3.0
277 4.5
278 5.0
279 3.9166666666666665
280 3.6666666666666665
281 4.333333333333333
282 3.4545454545454546
283 3.2
284 2.0
285 0
286 3.7857142857142856
287 3.5
288 4.3
289 3.125
290 3.2
291 3.3333333333333335
292 2.0
293 3.8181818181818183
294 3.4285714285714284
295 3.3125
296 3.75
297 3.25
298 2.5
299 0
300 3.7
301 4.133333333333334
302 4.083333333333333
303 3.4166666666666665
304 3.4615384615384617
305 2.5
306 3.0
307 3.8125
308 3.4
309 3.75
310 3.3
311 3.8
312 4.0
313 2.0
314 3.7142857142857144
315 3.7142857142857144
316 3.5
317 3.533333333333333
318 3.272727272727273
319 5.333333333333333
320 5.0
321 3.7142857142857144
322 3.4615384615384617
323 3.7058823529411766
324 3.5
325 4.1
326 2.0
327 2.0
328 3.8
329 3.4
330 3.4545454545454546
331 3.888888888888889
332 3.6
333 4.5
334 0
335 4.0
336 3.5
337 3.9
338 3.6666666666666665
339 3.7058823529411766
340 2.0
341 3.0
342 3.6923076923076925
343 3.909090909090909
344 3.7333333333333334
345 2.5833333333333335
346 4.2
347 4.0
348 2.0
349 5.076923076923077
350 3.6
351 3.375
352 4.7
353 3.3
354 2.0
355 0
356 3.2857142857142856
357 2.5
358 2.6666666666666665
359 2.0
360 0
361 0
362 0
363 0
364 0
365 2.0
366 0
367 0
368 0
369 0
370 2.0
371 2.0
372 0
373 3.0
374 0
375 0
376 0
377 0
378 0
379 2.0
380 0
381 0
382 0
383 0
384 0
385 0
386 0
387 0
388 0
389 0
390 0
391 0
392 0
393 0
394 0
395 0
396 0
397 0
398 0
399 0
400 0
401 0
402 0
403 0
404 0
405 0
406 0
407 0
408 0
409 0
410 0
411 0
412 0
413 0
414 0
415 0
416 0
417 0
418 0
419 0
420 0
421 0
422 0
423 0
424 0
425 0
426 0
427 0
428 0
