0 2
1 4
2 5
3 5
4 3
5 0
6 2
7 5
8 3
9 4
10 6
11 1
12 0
13 2
14 4
15 5
16 7
17 5
18 4
19 0
20 3
21 7
22 4
23 8
24 7
25 5
26 1
27 4
28 9
29 9
30 12
31 15
32 6
33 0
34 8
35 12
36 14
37 17
38 16
39 8
40 1
41 6
42 15
43 13
44 15
45 14
46 10
47 0
48 9
49 13
50 20
51 11
52 13
53 11
54 1
55 8
56 19
57 19
58 17
59 10
60 6
61 1
62 5
63 17
64 9
65 16
66 14
67 6
68 2
69 8
70 14
71 13
72 13
73 16
74 8
75 1
76 9
77 12
78 11
79 12
80 10
81 8
82 0
83 9
84 12
85 16
86 16
87 14
88 9
89 2
90 7
91 15
92 12
93 11
94 13
95 5
96 0
97 7
98 13
99 13
100 18
101 13
102 8
103 1
104 11
105 20
106 18
107 12
108 15
109 8
110 1
111 11
112 17
113 18
114 8
115 14
116 9
117 1
118 12
119 11
120 11
121 16
122 15
123 5
124 3
125 11
126 10
127 17
128 16
129 12
130 10
131 0
132 10
133 16
134 16
135 12
136 9
137 9
138 2
139 11
140 13
141 22
142 12
143 14
144 9
145 1
146 9
147 14
148 14
149 16
150 15
151 8
152 1
153 15
154 20
155 12
156 13
157 10
158 5
159 3
160 13
161 14
162 15
163 12
164 12
165 3
166 1
167 7
168 14
169 22
170 11
171 11
172 7
173 2
174 10
175 20
176 13
177 11
178 11
179 7
180 1
181 12
182 13
183 17
184 16
185 17
186 3
187 1
188 8
189 17
190 13
191 10
192 11
193 6
194 0
195 11
196 15
197 15
198 17
199 12
200 4
201 2
202 8
203 16
204 12
205 11
206 12
207 5
208 2
209 10
210 13
211 14
212 16
213 9
214 6
215 2
216 11
217 16
218 14
219 17
220 15
221 8
222 1
223 5
224 11
225 14
226 15
227 16
228 5
229 0
230 11
231 18
232 17
233 12
234 16
235 3
236 1
237 7
238 15
239 18
240 12
241 11
242 5
243 1
244 10
245 12
246 12
247 15
248 10
249 2
250 1
251 10
252 14
253 16
254 16
255 10
256 3
257 2
258 13
259 14
260 18
261 10
262 14
263 4
264 2
265 14
266 16
267 10
268 15
269 11
270 4
271 1
272 11
273 15
274 14
275 17
276 14
277 2
278 1
279 12
280 12
281 9
282 11
283 10
284 2
285 0
286 14
287 14
288 10
289 16
290 10
291 6
292 1
293 11
294 7
295 16
296 16
297 12
298 4
299 0
300 10
301 15
302 12
303 12
304 13
305 2
306 1
307 16
308 15
309 12
310 10
311 10
312 1
313 1
314 14
315 14
316 14
317 15
318 11
319 3
320 1
321 7
322 13
323 17
324 8
325 10
326 1
327 1
328 10
329 15
330 11
331 18
332 15
333 2
334 0
335 14
336 16
337 10
338 12
339 17
340 1
341 1
342 13
343 11
344 15
345 12
346 10
347 1
348 2
349 13
350 15
351 16
352 10
353 10
354 1
355 0
356 7
357 4
358 3
359 1
360 0
361 0
362 0
363 0
364 0
365 1
366 0
367 0
368 0
369 0
370 1
371 1
372 0
373 1
374 0
375 0
376 0
377 0
378 0
379 2
380 0
381 0
382 0
383 0
384 0
385 0
386 0
387 0
388 0
389 0
390 0
391 0
392 0
393 0
394 0
395 0
396 0
397 0
398 0
399 0
400 0
401 0
402 0
403 0
404 0
405 0
406 0
407 0
408 0
409 0
410 0
411 0
412 0
413 0
414 0
415 0
416 0
417 0
418 0
419 0
420 0
421 0
422 0
423 0
424 0
425 0
426 0
427 0
428 0
